xof 0303txt 0032
Frame mixamorig_Hips {
	FrameTransformMatrix {
		1.000000,0.000000,0.000000,0.000000,
		0.000000,1.000000,0.000000,0.000000,
		0.000000,0.000000,1.000000,0.000000,
		0.000000,103.781593,0.000000,1.000000;;
	}
	Frame mixamorig_Spine {
		FrameTransformMatrix {
			1.000000,0.000000,0.000000,0.000000,
			0.000000,0.997344,0.072829,0.000000,
			0.000000,-0.072829,0.997344,0.000000,
			0.000000,10.997300,0.803100,1.000000;;
		}
		Frame mixamorig_Spine1 {
			FrameTransformMatrix {
				1.000000,0.000000,0.000000,0.000000,
				0.000000,1.000000,0.000000,0.000000,
				0.000000,0.000000,1.000000,0.000000,
				0.000000,12.864400,0.000000,1.000000;;
			}
			Frame mixamorig_Spine2 {
				FrameTransformMatrix {
					1.000000,0.000000,0.000000,0.000000,
					0.000000,1.000000,0.000000,0.000000,
					0.000000,0.000000,1.000000,0.000000,
					0.000000,14.702200,0.000000,1.000000;;
				}
				Frame mixamorig_Neck {
					FrameTransformMatrix {
						1.000000,0.000000,0.000000,0.000000,
						0.000000,0.997344,-0.072829,0.000000,
						0.000000,0.072829,0.997344,0.000000,
						0.000000,16.539900,0.000000,1.000000;;
					}
					Frame mixamorig_Head {
						FrameTransformMatrix {
							1.000000,0.000000,0.000000,0.000000,
							0.000000,1.000000,0.000000,0.000000,
							0.000000,0.000000,1.000000,0.000000,
							0.000000,6.188500,-2.321600,1.000000;;
						}
						Frame mixamorig_HeadTop_End {
							FrameTransformMatrix {
								1.000000,0.000000,0.000000,0.000000,
								0.000000,1.000000,0.000000,0.000000,
								0.000000,0.000000,1.000000,0.000000,
								0.000000,23.717800,-8.897800,1.000000;;
							}
						}
					}
				}
				Frame mixamorig_LeftShoulder {
					FrameTransformMatrix {
						-0.015673,-0.013331,0.999788,0.000000,
						0.965920,-0.258576,0.011695,0.000000,
						0.258366,0.965899,0.016930,0.000000,
						7.985300,14.403600,0.124400,1.000000;;
					}
					Frame mixamorig_LeftArm {
						FrameTransformMatrix {
							0.999899,0.013201,-0.005256,0.000000,
							-0.011496,0.969002,0.246784,0.000000,
							0.008351,-0.246698,0.969056,0.000000,
							0.000000,16.443399,0.000000,1.000000;;
						}
						Frame mixamorig_LeftForeArm {
							FrameTransformMatrix {
								0.999936,-0.001119,-0.011262,0.000000,
								0.001149,0.999996,0.002648,0.000000,
								0.011259,-0.002661,0.999933,0.000000,
								0.000000,20.702900,0.000000,1.000000;;
							}
							Frame mixamorig_LeftHand {
								FrameTransformMatrix {
									0.994193,-0.106591,0.014760,0.000000,
									0.106503,0.994290,0.006647,0.000000,
									-0.015384,-0.005036,0.999869,0.000000,
									0.000000,28.480801,0.000000,1.000000;;
								}
								Frame mixamorig_LeftHandThumb1 {
									FrameTransformMatrix {
										0.835767,0.541892,-0.088582,0.000000,
										-0.523649,0.738078,-0.425480,0.000000,
										-0.165183,0.401988,0.900622,0.000000,
										-2.770300,3.260400,-1.372000,1.000000;;
									}
									Frame mixamorig_LeftHandThumb2 {
										FrameTransformMatrix {
											0.999800,0.019976,0.000076,0.000000,
											-0.019976,0.999800,-0.000056,0.000000,
											-0.000077,0.000055,1.000000,0.000000,
											-0.105100,3.592900,0.000000,1.000000;;
										}
										Frame mixamorig_LeftHandThumb3 {
											FrameTransformMatrix {
												0.998070,0.061936,0.004396,0.000000,
												-0.061935,0.998080,-0.000161,0.000000,
												-0.004398,-0.000112,0.999990,0.000000,
												-0.033100,3.493700,0.000000,1.000000;;
											}
											Frame mixamorig_LeftHandThumb4 {
												FrameTransformMatrix {
													1.000000,0.000000,0.000000,0.000000,
													0.000000,1.000000,0.000000,0.000000,
													0.000000,0.000000,1.000000,0.000000,
													0.138200,2.622600,0.000000,1.000000;;
												}
											}
										}
									}
								}
								Frame mixamorig_LeftHandIndex1 {
									FrameTransformMatrix {
										0.990481,0.136270,0.019457,0.000000,
										-0.136544,0.990542,0.013511,0.000000,
										-0.017431,-0.016039,0.999719,0.000000,
										-3.258900,10.756500,-0.003800,1.000000;;
									}
									Frame mixamorig_LeftHandIndex2 {
										FrameTransformMatrix {
											0.998130,-0.058749,-0.016857,0.000000,
											0.058749,0.998273,-0.000515,0.000000,
											0.016858,-0.000476,0.999858,0.000000,
											0.109400,2.853100,0.000000,1.000000;;
										}
										Frame mixamorig_LeftHandIndex3 {
											FrameTransformMatrix {
												0.999999,0.001406,0.000156,0.000000,
												-0.001406,0.999999,0.000004,0.000000,
												-0.000156,-0.000004,1.000000,0.000000,
												-0.061200,2.686000,0.000000,1.000000;;
											}
											Frame mixamorig_LeftHandIndex4 {
												FrameTransformMatrix {
													1.000000,0.000000,0.000000,0.000000,
													0.000000,1.000000,0.000000,0.000000,
													0.000000,0.000000,1.000000,0.000000,
													-0.048100,2.249800,0.000000,1.000000;;
												}
											}
										}
									}
								}
								Frame mixamorig_LeftHandMiddle1 {
									FrameTransformMatrix {
										0.991817,0.127632,0.003086,0.000000,
										-0.127665,0.991690,0.015910,0.000000,
										-0.001029,-0.016173,0.999869,0.000000,
										-1.105000,11.061500,0.179000,1.000000;;
									}
									Frame mixamorig_LeftHandMiddle2 {
										FrameTransformMatrix {
											0.999133,-0.039110,-0.014297,0.000000,
											0.039109,0.999235,-0.000306,0.000000,
											0.014298,-0.000254,0.999898,0.000000,
											0.088600,3.112900,0.000000,1.000000;;
										}
										Frame mixamorig_LeftHandMiddle3 {
											FrameTransformMatrix {
												0.999975,-0.006808,-0.001688,0.000000,
												0.006808,0.999977,-0.000025,0.000000,
												0.001688,0.000014,0.999999,0.000000,
												-0.039400,3.016300,0.000000,1.000000;;
											}
											Frame mixamorig_LeftHandMiddle4 {
												FrameTransformMatrix {
													1.000000,0.000000,0.000000,0.000000,
													0.000000,1.000000,0.000000,0.000000,
													0.000000,0.000000,1.000000,0.000000,
													-0.049300,2.467900,0.000000,1.000000;;
												}
											}
										}
									}
								}
								Frame mixamorig_LeftHandRing1 {
									FrameTransformMatrix {
										0.993545,0.113440,-0.000238,0.000000,
										-0.113426,0.993448,0.013958,0.000000,
										0.001820,-0.013841,0.999903,0.000000,
										1.260900,10.768200,0.117500,1.000000;;
									}
									Frame mixamorig_LeftHandRing2 {
										FrameTransformMatrix {
											0.999892,-0.014508,-0.002504,0.000000,
											0.014508,0.999895,-0.000029,0.000000,
											0.002504,-0.000008,0.999997,0.000000,
											0.039000,2.933200,0.000000,1.000000;;
										}
										Frame mixamorig_LeftHandRing3 {
											FrameTransformMatrix {
												0.999923,-0.011496,-0.004757,0.000000,
												0.011495,0.999934,-0.000041,0.000000,
												0.004758,-0.000014,0.999989,0.000000,
												-0.003800,2.869800,0.000000,1.000000;;
											}
											Frame mixamorig_LeftHandRing4 {
												FrameTransformMatrix {
													1.000000,0.000000,0.000000,0.000000,
													0.000000,1.000000,0.000000,0.000000,
													0.000000,0.000000,1.000000,0.000000,
													-0.035200,2.582500,0.000000,1.000000;;
												}
											}
										}
									}
								}
								Frame mixamorig_LeftHandPinky1 {
									FrameTransformMatrix {
										0.994084,0.101789,-0.037894,0.000000,
										-0.102225,0.994713,-0.009757,0.000000,
										0.036701,0.013573,0.999234,0.000000,
										3.103000,9.804600,0.256500,1.000000;;
									}
									Frame mixamorig_LeftHandPinky2 {
										FrameTransformMatrix {
											0.999930,0.011615,0.002256,0.000000,
											-0.011615,0.999933,-0.000019,0.000000,
											-0.002256,-0.000007,0.999997,0.000000,
											-0.028600,2.793100,0.000000,1.000000;;
										}
										Frame mixamorig_LeftHandPinky3 {
											FrameTransformMatrix {
												0.999940,0.010384,0.003466,0.000000,
												-0.010384,0.999946,-0.000027,0.000000,
												-0.003466,-0.000009,0.999994,0.000000,
												0.003500,2.307600,0.000000,1.000000;;
											}
											Frame mixamorig_LeftHandPinky4 {
												FrameTransformMatrix {
													1.000000,0.000000,0.000000,0.000000,
													0.000000,1.000000,0.000000,0.000000,
													0.000000,0.000000,1.000000,0.000000,
													0.025100,2.027600,0.000000,1.000000;;
												}
											}
										}
									}
								}
							}
						}
					}
				}
				Frame mixamorig_RightShoulder {
					FrameTransformMatrix {
						-0.023468,0.013314,-0.999636,0.000000,
						-0.965928,-0.258094,0.019240,0.000000,
						-0.257744,0.966028,0.018917,0.000000,
						-7.985300,14.408200,0.187200,1.000000;;
					}
					Frame mixamorig_RightArm {
						FrameTransformMatrix {
							0.999762,-0.021522,0.003448,0.000000,
							0.020011,0.969027,0.246145,0.000000,
							-0.008639,-0.246017,0.969227,0.000000,
							0.000000,16.443399,0.000000,1.000000;;
						}
						Frame mixamorig_RightForeArm {
							FrameTransformMatrix {
								0.999941,0.001074,0.010810,0.000000,
								-0.001100,0.999997,0.002436,0.000000,
								-0.010808,-0.002447,0.999939,0.000000,
								0.000000,20.688000,0.000000,1.000000;;
							}
							Frame mixamorig_RightHand {
								FrameTransformMatrix {
									0.992622,0.116627,-0.033152,0.000000,
									-0.116633,0.993173,0.001785,0.000000,
									0.033133,0.002095,0.999449,0.000000,
									0.000000,28.483500,0.000000,1.000000;;
								}
								Frame mixamorig_RightHandThumb1 {
									FrameTransformMatrix {
										0.826159,-0.556997,0.084942,0.000000,
										0.538022,0.735111,-0.412485,0.000000,
										0.167310,0.386479,0.906996,0.000000,
										2.698700,3.058600,-1.299800,1.000000;;
									}
									Frame mixamorig_RightHandThumb2 {
										FrameTransformMatrix {
											0.999288,-0.037342,-0.005382,0.000000,
											0.037342,0.999303,-0.000103,0.000000,
											0.005382,-0.000098,0.999986,0.000000,
											0.078300,3.424000,0.000000,1.000000;;
										}
										Frame mixamorig_RightHandThumb3 {
											FrameTransformMatrix {
												0.999978,0.006688,-0.000216,0.000000,
												-0.006688,0.999978,-0.000005,0.000000,
												0.000216,0.000007,1.000000,0.000000,
												-0.053000,3.564600,0.000000,1.000000;;
											}
											Frame mixamorig_RightHandThumb4 {
												FrameTransformMatrix {
													1.000000,0.000000,0.000000,0.000000,
													0.000000,1.000000,0.000000,0.000000,
													0.000000,0.000000,1.000000,0.000000,
													-0.025300,3.087000,0.000000,1.000000;;
												}
											}
										}
									}
								}
								Frame mixamorig_RightHandIndex1 {
									FrameTransformMatrix {
										0.991282,-0.129030,-0.026656,0.000000,
										0.129595,0.991352,0.020660,0.000000,
										0.023759,-0.023934,0.999431,0.000000,
										3.329400,10.756900,0.008200,1.000000;;
									}
									Frame mixamorig_RightHandIndex2 {
										FrameTransformMatrix {
											0.998804,0.047194,0.012780,0.000000,
											-0.047194,0.998886,-0.000305,0.000000,
											-0.012780,-0.000298,0.999918,0.000000,
											-0.077800,2.776600,0.000000,1.000000;;
										}
										Frame mixamorig_RightHandIndex3 {
											FrameTransformMatrix {
												0.999934,-0.011503,-0.000233,0.000000,
												0.011503,0.999934,0.000013,0.000000,
												0.000233,-0.000016,1.000000,0.000000,
												0.057200,2.737700,0.000000,1.000000;;
											}
											Frame mixamorig_RightHandIndex4 {
												FrameTransformMatrix {
													1.000000,0.000000,0.000000,0.000000,
													0.000000,1.000000,0.000000,0.000000,
													0.000000,0.000000,1.000000,0.000000,
													0.020600,2.185500,0.000000,1.000000;;
												}
											}
										}
									}
								}
								Frame mixamorig_RightHandMiddle1 {
									FrameTransformMatrix {
										0.991557,-0.129359,-0.009031,0.000000,
										0.129538,0.991302,0.023230,0.000000,
										0.005947,-0.024204,0.999689,0.000000,
										1.147200,11.013400,0.263900,1.000000;;
									}
									Frame mixamorig_RightHandMiddle2 {
										FrameTransformMatrix {
											0.999365,0.034169,0.010099,0.000000,
											-0.034169,0.999416,-0.000200,0.000000,
											-0.010100,-0.000145,0.999949,0.000000,
											-0.085000,3.240000,0.000000,1.000000;;
										}
										Frame mixamorig_RightHandMiddle3 {
											FrameTransformMatrix {
												0.999909,0.012849,0.004144,0.000000,
												-0.012849,0.999917,-0.000063,0.000000,
												-0.004145,0.000010,0.999991,0.000000,
												0.027800,3.002000,0.000000,1.000000;;
											}
											Frame mixamorig_RightHandMiddle4 {
												FrameTransformMatrix {
													1.000000,0.000000,0.000000,0.000000,
													0.000000,1.000000,0.000000,0.000000,
													0.000000,0.000000,1.000000,0.000000,
													0.057300,2.538500,0.000000,1.000000;;
												}
											}
										}
									}
								}
								Frame mixamorig_RightHandRing1 {
									FrameTransformMatrix {
										0.993067,-0.117515,-0.002901,0.000000,
										0.117550,0.992825,0.021914,0.000000,
										0.000305,-0.022103,0.999756,0.000000,
										-1.318400,11.095900,0.178800,1.000000;;
									}
									Frame mixamorig_RightHandRing2 {
										FrameTransformMatrix {
											0.999865,0.016011,0.003622,0.000000,
											-0.016011,0.999872,-0.000037,0.000000,
											-0.003622,-0.000021,0.999993,0.000000,
											-0.037800,2.875200,0.000000,1.000000;;
										}
										Frame mixamorig_RightHandRing3 {
											FrameTransformMatrix {
												0.999957,0.008798,0.002955,0.000000,
												-0.008798,0.999961,-0.000024,0.000000,
												-0.002955,-0.000002,0.999996,0.000000,
												0.008600,2.694900,0.000000,1.000000;;
											}
											Frame mixamorig_RightHandRing4 {
												FrameTransformMatrix {
													1.000000,0.000000,0.000000,0.000000,
													0.000000,1.000000,0.000000,0.000000,
													0.000000,0.000000,1.000000,0.000000,
													0.029200,2.360400,0.000000,1.000000;;
												}
											}
										}
									}
								}
								Frame mixamorig_RightHandPinky1 {
									FrameTransformMatrix {
										0.994209,-0.104968,0.023041,0.000000,
										0.104765,0.994448,0.009866,0.000000,
										-0.023949,-0.007395,0.999686,0.000000,
										-3.158100,9.809900,0.152400,1.000000;;
									}
									Frame mixamorig_RightHandPinky2 {
										FrameTransformMatrix {
											0.999967,-0.007745,-0.002564,0.000000,
											0.007745,0.999970,-0.000011,0.000000,
											0.002564,-0.000009,0.999997,0.000000,
											0.016400,2.855900,0.000000,1.000000;;
										}
										Frame mixamorig_RightHandPinky3 {
											FrameTransformMatrix {
												0.999995,-0.002802,-0.001552,0.000000,
												0.002802,0.999996,-0.000006,0.000000,
												0.001552,0.000001,0.999999,0.000000,
												-0.005500,2.304300,0.000000,1.000000;;
											}
											Frame mixamorig_RightHandPinky4 {
												FrameTransformMatrix {
													1.000000,0.000000,0.000000,0.000000,
													0.000000,1.000000,0.000000,0.000000,
													0.000000,0.000000,1.000000,0.000000,
													-0.010900,1.994600,0.000000,1.000000;;
												}
											}
										}
									}
								}
							}
						}
					}
				}
			}
		}
	}
	Frame mixamorig_LeftUpLeg {
		FrameTransformMatrix {
			-0.999976,0.006869,-0.000346,0.000000,
			-0.006878,-0.998160,0.060240,0.000000,
			0.000069,0.060241,0.998184,0.000000,
			9.640700,-6.119300,-0.586600,1.000000;;
		}
		Frame mixamorig_LeftLeg {
			FrameTransformMatrix {
				0.999911,0.013371,0.000000,0.000000,
				-0.013349,0.998315,0.056466,0.000000,
				0.000755,-0.056461,0.998405,0.000000,
				0.000000,45.053299,0.000000,1.000000;;
			}
			Frame mixamorig_LeftFoot {
				FrameTransformMatrix {
					0.989354,0.057425,-0.133718,0.000000,
					-0.145113,0.458556,-0.876737,0.000000,
					0.010971,0.886808,0.462008,0.000000,
					0.000000,42.823799,0.000000,1.000000;;
				}
				Frame mixamorig_LeftToeBase {
					FrameTransformMatrix {
						0.995585,0.000000,-0.093863,0.000000,
						-0.051165,0.838369,-0.542696,0.000000,
						0.078692,0.545103,0.834668,0.000000,
						0.000000,16.588400,0.000000,1.000000;;
					}
					Frame mixamorig_LeftToe_End {
						FrameTransformMatrix {
							1.000000,0.000000,0.000000,0.000000,
							0.000000,1.000000,0.000000,0.000000,
							0.000000,0.000000,1.000000,0.000000,
							0.000000,6.714900,0.000000,1.000000;;
						}
					}
				}
			}
		}
	}
	Frame mixamorig_RightUpLeg {
		FrameTransformMatrix {
			-0.999977,-0.006831,0.000302,0.000000,
			0.006838,-0.998565,0.053106,0.000000,
			-0.000061,0.053107,0.998589,0.000000,
			-9.640700,-6.119300,-0.358900,1.000000;;
		}
		Frame mixamorig_RightLeg {
			FrameTransformMatrix {
				0.999911,-0.013365,0.000000,0.000000,
				0.013336,0.997752,0.065680,0.000000,
				-0.000878,-0.065674,0.997841,0.000000,
				0.000000,45.035599,0.000000,1.000000;;
			}
			Frame mixamorig_RightFoot {
				FrameTransformMatrix {
					0.989924,-0.057112,0.129575,0.000000,
					0.141366,0.451554,-0.880974,0.000000,
					-0.008195,0.890414,0.455077,0.000000,
					0.000000,42.834599,0.000000,1.000000;;
				}
				Frame mixamorig_RightToeBase {
					FrameTransformMatrix {
						0.994956,0.000000,0.100310,0.000000,
						0.054161,0.841704,-0.537216,0.000000,
						-0.084431,0.539939,0.837459,0.000000,
						0.000000,16.735901,0.000000,1.000000;;
					}
					Frame mixamorig_RightToe_End {
						FrameTransformMatrix {
							1.000000,0.000000,0.000000,0.000000,
							0.000000,1.000000,0.000000,0.000000,
							0.000000,0.000000,1.000000,0.000000,
							0.000000,6.713200,0.000000,1.000000;;
						}
					}
				}
			}
		}
	}
}
AnimationSet Death {
	Animation {
		{mixamorig_Hips}
		AnimationKey {
			4;
			101;
			-2147483648;16;
			0.575486,0.035688,-0.817032,0.000000,
			0.068669,0.993411,0.091760,0.000000,
			0.814923,-0.108911,0.569243,0.000000,
			0.391118,97.322281,0.501194,1.000000;;,
			0;16;
			0.575486,0.035688,-0.817032,0.000000,
			0.068669,0.993411,0.091760,0.000000,
			0.814923,-0.108911,0.569243,0.000000,
			0.391118,97.322281,0.501194,1.000000;;,
			1;16;
			0.575720,0.046688,-0.816313,0.000000,
			0.015615,0.997558,0.068067,0.000000,
			0.817498,-0.051934,0.573585,0.000000,
			1.753383,97.234375,0.405491,1.000000;;,
			2;16;
			0.581449,0.061661,-0.811243,0.000000,
			-0.072663,0.997075,0.023706,0.000000,
			0.810331,0.045163,0.584229,0.000000,
			5.063485,96.945351,0.208379,1.000000;;,
			3;16;
			0.626336,0.076398,-0.775801,0.000000,
			-0.142220,0.989683,-0.017360,0.000000,
			0.766470,0.121207,0.630739,0.000000,
			7.971763,96.439865,-0.032695,1.000000;;,
			4;16;
			0.727032,0.081120,-0.681794,0.000000,
			-0.159411,0.985805,-0.052697,0.000000,
			0.667841,0.146998,0.729644,0.000000,
			9.106730,95.638954,-0.288533,1.000000;;,
			5;16;
			0.821500,0.124516,-0.556447,0.000000,
			-0.184297,0.981470,-0.052461,0.000000,
			0.539603,0.145648,0.829225,0.000000,
			9.574861,94.681343,-0.378503,1.000000;;,
			6;16;
			0.833374,0.205017,-0.513280,0.000000,
			-0.225228,0.974026,0.023365,0.000000,
			0.504738,0.096133,0.857903,0.000000,
			9.806129,93.952728,-0.297610,1.000000;;,
			7;16;
			0.802673,0.233772,-0.548696,0.000000,
			-0.225107,0.970684,0.084257,0.000000,
			0.552307,0.055884,0.831765,0.000000,
			10.318685,93.531212,-0.522972,1.000000;;,
			8;16;
			0.778437,0.222510,-0.586963,0.000000,
			-0.213164,0.973204,0.086228,0.000000,
			0.590421,0.057996,0.805009,0.000000,
			10.916662,93.441383,-1.081990,1.000000;;,
			9;16;
			0.769941,0.197889,-0.606655,0.000000,
			-0.185226,0.979074,0.084289,0.000000,
			0.610640,0.047471,0.790484,0.000000,
			11.619727,93.641876,-1.570234,1.000000;;,
			10;16;
			0.766104,0.174582,-0.618552,0.000000,
			-0.160393,0.983883,0.079040,0.000000,
			0.622382,0.038659,0.781758,0.000000,
			12.283839,94.048294,-1.739526,1.000000;;,
			11;16;
			0.762183,0.162425,-0.626654,0.000000,
			-0.157420,0.985458,0.063958,0.000000,
			0.627930,0.049900,0.776668,0.000000,
			12.832219,94.785301,-1.629124,1.000000;;,
			12;16;
			0.744528,0.151735,-0.650119,0.000000,
			-0.156029,0.986407,0.051537,0.000000,
			0.649101,0.063067,0.758083,0.000000,
			13.383109,95.715874,-1.376879,1.000000;;,
			13;16;
			0.704138,0.140764,-0.695971,0.000000,
			-0.152283,0.987284,0.045613,0.000000,
			0.693541,0.073867,0.716620,0.000000,
			13.958572,96.671204,-1.065233,1.000000;;,
			14;16;
			0.660308,0.121630,-0.741080,0.000000,
			-0.153783,0.987786,0.025099,0.000000,
			0.735081,0.097393,0.670947,0.000000,
			14.499901,97.156776,-0.815744,1.000000;;,
			15;16;
			0.629337,0.101695,-0.770450,0.000000,
			-0.152733,0.988251,0.005684,0.000000,
			0.761976,0.114096,0.637475,0.000000,
			15.044653,97.031029,-0.547019,1.000000;;,
			16;16;
			0.606868,0.086752,-0.790054,0.000000,
			-0.146833,0.989153,-0.004173,0.000000,
			0.781122,0.118538,0.613023,0.000000,
			15.622951,96.771614,-0.228946,1.000000;;,
			17;16;
			0.588808,0.082386,-0.804063,0.000000,
			-0.149474,0.988732,-0.008151,0.000000,
			0.794332,0.124985,0.594488,0.000000,
			16.164083,96.251396,0.108630,1.000000;;,
			18;16;
			0.577741,0.083719,-0.811915,0.000000,
			-0.157024,0.987545,-0.009906,0.000000,
			0.800973,0.133214,0.583692,0.000000,
			16.687626,95.634804,0.465360,1.000000;;,
			19;16;
			0.577758,0.088875,-0.811355,0.000000,
			-0.160258,0.987057,-0.005997,0.000000,
			0.800321,0.133490,0.584523,0.000000,
			17.341867,95.137711,0.804345,1.000000;;,
			20;16;
			0.589383,0.099360,-0.801720,0.000000,
			-0.169267,0.985568,-0.002292,0.000000,
			0.789922,0.137056,0.597695,0.000000,
			18.013802,94.593102,1.199406,1.000000;;,
			21;16;
			0.608678,0.106638,-0.786218,0.000000,
			-0.178798,0.983873,-0.004976,0.000000,
			0.773008,0.143604,0.617929,0.000000,
			18.645426,93.892097,1.627119,1.000000;;,
			22;16;
			0.629184,0.112283,-0.769103,0.000000,
			-0.182282,0.983230,-0.005576,0.000000,
			0.755580,0.143702,0.639100,0.000000,
			19.338167,93.144455,2.024959,1.000000;;,
			23;16;
			0.650831,0.115374,-0.750405,0.000000,
			-0.185228,0.982649,-0.009568,0.000000,
			0.736281,0.145224,0.660909,0.000000,
			20.143082,92.254631,2.392727,1.000000;;,
			24;16;
			0.674920,0.113846,-0.729055,0.000000,
			-0.186047,0.982360,-0.018831,0.000000,
			0.714051,0.148348,0.684196,0.000000,
			20.913794,91.194191,2.726459,1.000000;;,
			25;16;
			0.702081,0.115799,-0.702618,0.000000,
			-0.176661,0.984167,-0.014325,0.000000,
			0.689835,0.134183,0.711423,0.000000,
			21.799294,90.023483,2.949192,1.000000;;,
			26;16;
			0.724893,0.118277,-0.678632,0.000000,
			-0.163731,0.986501,-0.002958,0.000000,
			0.669121,0.113257,0.734473,0.000000,
			22.913366,88.643410,3.095708,1.000000;;,
			27;16;
			0.743273,0.113315,-0.659322,0.000000,
			-0.149775,0.988720,0.001081,0.000000,
			0.652007,0.097946,0.751860,0.000000,
			24.195284,87.116219,3.237833,1.000000;;,
			28;16;
			0.760387,0.105204,-0.640892,0.000000,
			-0.131445,0.991300,0.006771,0.000000,
			0.636029,0.079094,0.767601,0.000000,
			25.568663,85.380913,3.383672,1.000000;;,
			29;16;
			0.777184,0.095327,-0.622011,0.000000,
			-0.108756,0.993933,0.016439,0.000000,
			0.619804,0.054871,0.782836,0.000000,
			27.178823,83.464684,3.536228,1.000000;;,
			30;16;
			0.793170,0.084806,-0.603067,0.000000,
			-0.085732,0.995944,0.027297,0.000000,
			0.602936,0.030051,0.797224,0.000000,
			29.158224,81.486336,3.697115,1.000000;;,
			31;16;
			0.809212,0.072734,-0.582997,0.000000,
			-0.061595,0.997342,0.038933,0.000000,
			0.584279,0.004405,0.811541,0.000000,
			31.190115,79.089409,3.869162,1.000000;;,
			32;16;
			0.826805,0.058200,-0.559470,0.000000,
			-0.035648,0.998055,0.051143,0.000000,
			0.561359,-0.022341,0.827271,0.000000,
			33.402473,76.344391,4.073744,1.000000;;,
			33;16;
			0.844526,0.038811,-0.534106,0.000000,
			-0.005660,0.997962,0.063567,0.000000,
			0.535485,-0.050661,0.843024,0.000000,
			35.778080,73.301697,4.325099,1.000000;;,
			34;16;
			0.861583,0.013879,-0.507426,0.000000,
			0.028455,0.996734,0.075577,0.000000,
			0.506818,-0.079555,0.858374,0.000000,
			38.425190,69.759735,4.715886,1.000000;;,
			35;16;
			0.877883,-0.023151,-0.478315,0.000000,
			0.078134,0.992370,0.095373,0.000000,
			0.472458,-0.121099,0.872994,0.000000,
			41.145535,65.807343,5.117434,1.000000;;,
			36;16;
			0.892218,-0.067534,-0.446526,0.000000,
			0.140321,0.981272,0.131969,0.000000,
			0.429251,-0.180402,0.884985,0.000000,
			43.881657,61.562866,5.685660,1.000000;;,
			37;16;
			0.902171,-0.127907,-0.411979,0.000000,
			0.206446,0.966581,0.151991,0.000000,
			0.378771,-0.222173,0.898427,0.000000,
			46.697411,56.533455,6.251553,1.000000;;,
			38;16;
			0.908136,-0.196807,-0.369536,0.000000,
			0.277826,0.943572,0.180232,0.000000,
			0.313213,-0.266342,0.911570,0.000000,
			49.567459,50.949127,6.843775,1.000000;;,
			39;16;
			0.901338,-0.282503,-0.328300,0.000000,
			0.355045,0.916058,0.186497,0.000000,
			0.248056,-0.284658,0.925979,0.000000,
			52.290897,44.540203,7.436680,1.000000;;,
			40;16;
			0.884031,-0.369459,-0.286337,0.000000,
			0.430666,0.881919,0.191694,0.000000,
			0.181703,-0.292779,0.938757,0.000000,
			54.943710,37.289829,7.838269,1.000000;;,
			41;16;
			0.854287,-0.455047,-0.251248,0.000000,
			0.508385,0.832185,0.221389,0.000000,
			0.108343,-0.316860,0.942264,0.000000,
			57.522182,29.618576,8.162848,1.000000;;,
			42;16;
			0.811608,-0.538592,-0.226298,0.000000,
			0.583833,0.761541,0.281413,0.000000,
			0.020768,-0.360518,0.932521,0.000000,
			59.648548,20.361874,9.067598,1.000000;;,
			43;16;
			0.762821,-0.609561,-0.215732,0.000000,
			0.642888,0.679228,0.354039,0.000000,
			-0.069277,-0.408760,0.910009,0.000000,
			63.330025,13.958151,9.942580,1.000000;;,
			44;16;
			0.736892,-0.640220,-0.217043,0.000000,
			0.662283,0.619333,0.421673,0.000000,
			-0.135542,-0.454471,0.880389,0.000000,
			67.354431,13.015656,10.096025,1.000000;;,
			45;16;
			0.712656,-0.679548,-0.174173,0.000000,
			0.666599,0.578632,0.469926,0.000000,
			-0.218556,-0.450999,0.865351,0.000000,
			71.194984,14.558181,9.789094,1.000000;;,
			46;16;
			0.705768,-0.693559,-0.144454,0.000000,
			0.647564,0.548870,0.528585,0.000000,
			-0.287318,-0.466601,0.836499,0.000000,
			75.542252,16.399862,10.307006,1.000000;;,
			47;16;
			0.701964,-0.699545,-0.133726,0.000000,
			0.632825,0.526480,0.567759,0.000000,
			-0.326769,-0.483171,0.812261,0.000000,
			78.936462,17.904293,10.764628,1.000000;;,
			48;16;
			0.683086,-0.719399,-0.125931,0.000000,
			0.639770,0.506249,0.578279,0.000000,
			-0.352261,-0.475581,0.806062,0.000000,
			81.532707,19.246059,10.813043,1.000000;;,
			49;16;
			0.673297,-0.731936,-0.104598,0.000000,
			0.642074,0.508666,0.573585,0.000000,
			-0.366622,-0.453353,0.812441,0.000000,
			84.297943,20.520920,10.682507,1.000000;;,
			50;16;
			0.676578,-0.730708,-0.091145,0.000000,
			0.639631,0.521847,0.564400,0.000000,
			-0.364848,-0.440160,0.820454,0.000000,
			86.939690,21.503551,10.598598,1.000000;;,
			51;16;
			0.689746,-0.718508,-0.089427,0.000000,
			0.634394,0.540179,0.552947,0.000000,
			-0.348991,-0.438125,0.828403,0.000000,
			89.530022,22.135092,10.838415,1.000000;;,
			52;16;
			0.706906,-0.700295,-0.099353,0.000000,
			0.625367,0.553190,0.550360,0.000000,
			-0.330453,-0.451185,0.828995,0.000000,
			91.737480,22.477901,11.432018,1.000000;;,
			53;16;
			0.717634,-0.687718,-0.109746,0.000000,
			0.615857,0.553114,0.561057,0.000000,
			-0.325147,-0.470221,0.820470,0.000000,
			93.486115,22.513527,12.283863,1.000000;;,
			54;16;
			0.718749,-0.684306,-0.122982,0.000000,
			0.612981,0.540216,0.576560,0.000000,
			-0.328107,-0.489787,0.807746,0.000000,
			94.404587,22.279196,13.029444,1.000000;;,
			55;16;
			0.714083,-0.686420,-0.137525,0.000000,
			0.614663,0.520731,0.592477,0.000000,
			-0.335074,-0.507610,0.793762,0.000000,
			94.389595,21.843966,13.466011,1.000000;;,
			56;16;
			0.709313,-0.689993,-0.144169,0.000000,
			0.613075,0.502942,0.609253,0.000000,
			-0.347871,-0.520538,0.779760,0.000000,
			93.843224,21.399588,13.763184,1.000000;;,
			57;16;
			0.707451,-0.692020,-0.143600,0.000000,
			0.606431,0.490011,0.626203,0.000000,
			-0.362980,-0.530092,0.766321,0.000000,
			92.926773,20.983450,13.910430,1.000000;;,
			58;16;
			0.711498,-0.688543,-0.140279,0.000000,
			0.597014,0.487045,0.637465,0.000000,
			-0.370601,-0.537304,0.757601,0.000000,
			91.974068,20.604845,14.001263,1.000000;;,
			59;16;
			0.720781,-0.679422,-0.137335,0.000000,
			0.587393,0.493495,0.641429,0.000000,
			-0.368027,-0.543000,0.754790,0.000000,
			90.946564,20.338459,13.830112,1.000000;;,
			60;16;
			0.728095,-0.671441,-0.138000,0.000000,
			0.583905,0.502055,0.637962,0.000000,
			-0.359070,-0.545076,0.757602,0.000000,
			89.716591,20.133207,13.433738,1.000000;;,
			61;16;
			0.733605,-0.664516,-0.142272,0.000000,
			0.585817,0.512267,0.628013,0.000000,
			-0.344444,-0.544059,0.765087,0.000000,
			88.617828,19.953138,13.167599,1.000000;;,
			62;16;
			0.737583,-0.658654,-0.148817,0.000000,
			0.591178,0.523368,0.613673,0.000000,
			-0.326313,-0.540612,0.775409,0.000000,
			87.794174,19.801537,13.128357,1.000000;;,
			63;16;
			0.740133,-0.654202,-0.155639,0.000000,
			0.598674,0.535622,0.595567,0.000000,
			-0.306257,-0.533975,0.788084,0.000000,
			87.172470,19.745033,13.191307,1.000000;;,
			64;16;
			0.741919,-0.650981,-0.160562,0.000000,
			0.606329,0.549177,0.575126,0.000000,
			-0.286219,-0.524050,0.802154,0.000000,
			86.710815,19.747551,13.329207,1.000000;;,
			65;16;
			0.743240,-0.649120,-0.161981,0.000000,
			0.612787,0.563345,0.554197,0.000000,
			-0.268489,-0.511161,0.816473,0.000000,
			86.273163,19.798141,13.377537,1.000000;;,
			66;16;
			0.741373,-0.650250,-0.165953,0.000000,
			0.621390,0.571750,0.535701,0.000000,
			-0.253456,-0.500276,0.827940,0.000000,
			85.903419,19.951651,13.226242,1.000000;;,
			67;16;
			0.735283,-0.655967,-0.170490,0.000000,
			0.632358,0.573449,0.520845,0.000000,
			-0.243890,-0.490779,0.836453,0.000000,
			85.614799,20.147366,13.032801,1.000000;;,
			68;16;
			0.725720,-0.666167,-0.171906,0.000000,
			0.645017,0.571884,0.506854,0.000000,
			-0.239339,-0.478717,0.844717,0.000000,
			85.565163,20.341667,12.828613,1.000000;;,
			69;16;
			0.719176,-0.674532,-0.166710,0.000000,
			0.653053,0.574256,0.493712,0.000000,
			-0.237291,-0.463936,0.853496,0.000000,
			85.708527,20.496506,12.595812,1.000000;;,
			70;16;
			0.715661,-0.680973,-0.155260,0.000000,
			0.656485,0.579944,0.482382,0.000000,
			-0.238447,-0.447148,0.862091,0.000000,
			85.982346,20.619209,12.321082,1.000000;;,
			71;16;
			0.716134,-0.683388,-0.141892,0.000000,
			0.655607,0.588887,0.472642,0.000000,
			-0.239440,-0.431501,0.869756,0.000000,
			86.333824,20.666126,12.035246,1.000000;;,
			72;16;
			0.719505,-0.682531,-0.128308,0.000000,
			0.651716,0.599735,0.464311,0.000000,
			-0.239956,-0.417694,0.876329,0.000000,
			86.697495,20.669319,11.733007,1.000000;;,
			73;16;
			0.722957,-0.680950,-0.116795,0.000000,
			0.647296,0.608487,0.459076,0.000000,
			-0.241540,-0.407493,0.880686,0.000000,
			87.061539,20.635384,11.390788,1.000000;;,
			74;16;
			0.725056,-0.680962,-0.102882,0.000000,
			0.643136,0.616070,0.454790,0.000000,
			-0.246312,-0.395916,0.884636,0.000000,
			87.423538,20.629093,11.041119,1.000000;;,
			75;16;
			0.726511,-0.681411,-0.088663,0.000000,
			0.639124,0.622688,0.451420,0.000000,
			-0.252393,-0.384628,0.887896,0.000000,
			87.794403,20.679356,10.764116,1.000000;;,
			76;16;
			0.728203,-0.681032,-0.076911,0.000000,
			0.635230,0.628545,0.448792,0.000000,
			-0.257300,-0.375667,0.890320,0.000000,
			88.051598,20.726217,10.562670,1.000000;;,
			77;16;
			0.730706,-0.678922,-0.071652,0.000000,
			0.631394,0.632152,0.449139,0.000000,
			-0.259635,-0.373429,0.890584,0.000000,
			88.069557,20.731995,10.414714,1.000000;;,
			78;16;
			0.734002,-0.675327,-0.071939,0.000000,
			0.627472,0.633810,0.452286,0.000000,
			-0.259845,-0.377118,0.888967,0.000000,
			88.049606,20.717663,10.335889,1.000000;;,
			79;16;
			0.737150,-0.671597,-0.074616,0.000000,
			0.623854,0.633967,0.457047,0.000000,
			-0.259647,-0.383462,0.886307,0.000000,
			88.034180,20.689068,10.360958,1.000000;;,
			80;16;
			0.739570,-0.668243,-0.080543,0.000000,
			0.621382,0.631868,0.463278,0.000000,
			-0.258691,-0.392674,0.882545,0.000000,
			88.028404,20.642542,10.447809,1.000000;;,
			81;16;
			0.741251,-0.665258,-0.089331,0.000000,
			0.620055,0.627680,0.470691,0.000000,
			-0.257059,-0.404290,0.877764,0.000000,
			88.028191,20.580938,10.530879,1.000000;;,
			82;16;
			0.742258,-0.662317,-0.101928,0.000000,
			0.620043,0.621113,0.479338,0.000000,
			-0.254165,-0.418992,0.871691,0.000000,
			88.034126,20.504099,10.612740,1.000000;;,
			83;16;
			0.742565,-0.659528,-0.116700,0.000000,
			0.621235,0.613095,0.488038,0.000000,
			-0.250327,-0.434898,0.864985,0.000000,
			88.046219,20.418413,10.687460,1.000000;;,
			84;16;
			0.742519,-0.656437,-0.133251,0.000000,
			0.623154,0.604019,0.496830,0.000000,
			-0.245652,-0.451941,0.857557,0.000000,
			88.061264,20.326870,10.755695,1.000000;;,
			85;16;
			0.742523,-0.652645,-0.150712,0.000000,
			0.625336,0.594803,0.505138,0.000000,
			-0.240032,-0.469322,0.849777,0.000000,
			88.077126,20.231812,10.815134,1.000000;;,
			86;16;
			0.742277,-0.648781,-0.167655,0.000000,
			0.627716,0.585659,0.512812,0.000000,
			-0.234514,-0.485889,0.841971,0.000000,
			88.092857,20.132792,10.865979,1.000000;;,
			87;16;
			0.741506,-0.645603,-0.182663,0.000000,
			0.630304,0.576965,0.519450,0.000000,
			-0.229968,-0.500309,0.834749,0.000000,
			88.107483,20.023359,10.906900,1.000000;;,
			88;16;
			0.739912,-0.644838,-0.191610,0.000000,
			0.633213,0.571469,0.521981,0.000000,
			-0.227094,-0.507549,0.831157,0.000000,
			88.121460,19.936794,10.924897,1.000000;;,
			89;16;
			0.738227,-0.645240,-0.196689,0.000000,
			0.635960,0.568536,0.521844,0.000000,
			-0.224890,-0.510325,0.830056,0.000000,
			88.131729,19.882324,10.925783,1.000000;;,
			90;16;
			0.736496,-0.645973,-0.200729,0.000000,
			0.638579,0.566069,0.521328,0.000000,
			-0.223138,-0.512138,0.829412,0.000000,
			88.140686,19.839344,10.922686,1.000000;;,
			91;16;
			0.734838,-0.646891,-0.203827,0.000000,
			0.640953,0.564061,0.520591,0.000000,
			-0.221794,-0.513193,0.829120,0.000000,
			88.147789,19.801313,10.915590,1.000000;;,
			92;16;
			0.733198,-0.647947,-0.206361,0.000000,
			0.643212,0.562333,0.519673,0.000000,
			-0.220677,-0.513757,0.829069,0.000000,
			88.153160,19.767645,10.905437,1.000000;;,
			93;16;
			0.731518,-0.649215,-0.208331,0.000000,
			0.645432,0.560872,0.518497,0.000000,
			-0.219769,-0.513753,0.829313,0.000000,
			88.158165,19.738304,10.893262,1.000000;;,
			94;16;
			0.729877,-0.650516,-0.210018,0.000000,
			0.647534,0.559506,0.517352,0.000000,
			-0.219039,-0.513597,0.829602,0.000000,
			88.162926,19.712704,10.879777,1.000000;;,
			95;16;
			0.728215,-0.651922,-0.211424,0.000000,
			0.649615,0.558270,0.516078,0.000000,
			-0.218411,-0.513160,0.830038,0.000000,
			88.168213,19.691147,10.866226,1.000000;;,
			96;16;
			0.726549,-0.653322,-0.212829,0.000000,
			0.651689,0.557028,0.514802,0.000000,
			-0.217780,-0.512728,0.830471,0.000000,
			88.174377,19.672714,10.853109,1.000000;;,
			97;16;
			0.724926,-0.654633,-0.214328,0.000000,
			0.653740,0.555811,0.513515,0.000000,
			-0.217038,-0.512375,0.830883,0.000000,
			88.181595,19.657688,10.841049,1.000000;;,
			98;16;
			0.723238,-0.655884,-0.216200,0.000000,
			0.655889,0.554360,0.512342,0.000000,
			-0.216184,-0.512349,0.831122,0.000000,
			88.191177,19.645172,10.831291,1.000000;;,
			99;16;
			0.721248,-0.657236,-0.218727,0.000000,
			0.658403,0.552385,0.511250,0.000000,
			-0.215191,-0.512749,0.831133,0.000000,
			88.231537,19.639549,10.838011,1.000000;;;
		}
	}
	Animation {
		{mixamorig_Spine}
		AnimationKey {
			4;
			101;
			-2147483648;16;
			0.999938,0.007993,0.007697,0.000000,
			-0.007844,0.999784,-0.019269,0.000000,
			-0.007849,0.019208,0.999785,0.000000,
			0.000000,10.997300,0.803100,1.000000;;,
			0;16;
			0.999938,0.007993,0.007697,0.000000,
			-0.007844,0.999784,-0.019269,0.000000,
			-0.007849,0.019208,0.999785,0.000000,
			0.000000,10.997300,0.803100,1.000000;;,
			1;16;
			0.999890,0.012925,0.007288,0.000000,
			-0.012353,0.997200,-0.073758,0.000000,
			-0.008221,0.073660,0.997249,0.000000,
			0.000000,10.997300,0.803100,1.000000;;,
			2;16;
			0.999752,0.022266,0.000472,0.000000,
			-0.021770,0.981537,-0.190028,0.000000,
			-0.004694,0.189970,0.981779,0.000000,
			0.000000,10.997300,0.803100,1.000000;;,
			3;16;
			0.999762,0.010063,-0.019355,0.000000,
			-0.014894,0.963139,-0.268592,0.000000,
			0.015939,0.268816,0.963060,0.000000,
			0.000000,10.997300,0.803100,1.000000;;,
			4;16;
			0.998507,0.038008,-0.039222,0.000000,
			-0.047667,0.957012,-0.286106,0.000000,
			0.026661,0.287549,0.957395,0.000000,
			0.000000,10.997300,0.803100,1.000000;;,
			5;16;
			0.996877,0.066620,-0.042415,0.000000,
			-0.075954,0.955879,-0.283770,0.000000,
			0.021639,0.286105,0.957954,0.000000,
			0.000000,10.997300,0.803100,1.000000;;,
			6;16;
			0.997919,0.060500,-0.022305,0.000000,
			-0.064371,0.954875,-0.289949,0.000000,
			0.003756,0.290781,0.956782,0.000000,
			0.000000,10.997300,0.803100,1.000000;;,
			7;16;
			0.997193,0.073805,-0.012588,0.000000,
			-0.074130,0.949700,-0.304262,0.000000,
			-0.010501,0.304341,0.952505,0.000000,
			0.000000,10.997300,0.803100,1.000000;;,
			8;16;
			0.996159,0.086773,-0.011737,0.000000,
			-0.086332,0.950902,-0.297206,0.000000,
			-0.014628,0.297078,0.954741,0.000000,
			0.000000,10.997300,0.803100,1.000000;;,
			9;16;
			0.995562,0.093723,-0.008539,0.000000,
			-0.092086,0.951398,-0.293874,0.000000,
			-0.019419,0.293356,0.955806,0.000000,
			0.000000,10.997300,0.803100,1.000000;;,
			10;16;
			0.995190,0.097673,-0.007578,0.000000,
			-0.095474,0.949628,-0.298482,0.000000,
			-0.021957,0.297770,0.954385,0.000000,
			0.000000,10.997300,0.803100,1.000000;;,
			11;16;
			0.995132,0.097361,-0.015289,0.000000,
			-0.097443,0.948776,-0.300547,0.000000,
			-0.014755,0.300574,0.953644,0.000000,
			0.000000,10.997300,0.803100,1.000000;;,
			12;16;
			0.995539,0.092867,-0.016675,0.000000,
			-0.093527,0.947988,-0.304255,0.000000,
			-0.012448,0.304458,0.952445,0.000000,
			0.000000,10.997300,0.803100,1.000000;;,
			13;16;
			0.996923,0.077678,-0.010479,0.000000,
			-0.076953,0.944548,-0.319230,0.000000,
			-0.014899,0.319054,0.947619,0.000000,
			0.000000,10.997300,0.803100,1.000000;;,
			14;16;
			0.998124,0.061095,-0.003904,0.000000,
			-0.058838,0.939724,-0.336833,0.000000,
			-0.016911,0.336431,0.941556,0.000000,
			0.000000,10.997300,0.803100,1.000000;;,
			15;16;
			0.998921,0.046388,-0.002286,0.000000,
			-0.044223,0.934958,-0.351992,0.000000,
			-0.014191,0.351713,0.936000,0.000000,
			0.000000,10.997300,0.803100,1.000000;;,
			16;16;
			0.999371,0.035205,-0.004352,0.000000,
			-0.034343,0.929521,-0.367166,0.000000,
			-0.008881,0.367085,0.930145,0.000000,
			0.000000,10.997300,0.803100,1.000000;;,
			17;16;
			0.999575,0.028781,-0.004532,0.000000,
			-0.028364,0.925730,-0.377119,0.000000,
			-0.006658,0.377087,0.926154,0.000000,
			0.000000,10.997300,0.803100,1.000000;;,
			18;16;
			0.999677,0.024882,-0.005105,0.000000,
			-0.024943,0.923610,-0.382521,0.000000,
			-0.004803,0.382524,0.923933,0.000000,
			0.000000,10.997300,0.803100,1.000000;;,
			19;16;
			0.999659,0.025348,-0.006224,0.000000,
			-0.025785,0.922003,-0.386324,0.000000,
			-0.004054,0.386353,0.922342,0.000000,
			0.000000,10.997300,0.803100,1.000000;;,
			20;16;
