xof 0303txt 0032
Frame Ch44 {
	FrameTransformMatrix {
		1.000000,0.000000,0.000000,0.000000,
		0.000000,1.000000,0.000000,0.000000,
		0.000000,0.000000,1.000000,0.000000,
		0.000000,0.000000,0.000000,1.000000;;
	}
}
Frame mixamorig_Hips {
	FrameTransformMatrix {
		1.000000,0.000000,0.000000,0.000000,
		0.000000,1.000000,0.000000,0.000000,
		0.000000,0.000000,1.000000,0.000000,
		0.000000,103.266609,-1.469107,1.000000;;
	}
	Frame mixamorig_Spine {
		FrameTransformMatrix {
			1.000000,0.000000,0.000000,0.000000,
			0.000000,0.997344,0.072829,0.000000,
			0.000000,-0.072829,0.997344,0.000000,
			0.000000,10.997345,0.803058,1.000000;;
		}
		Frame mixamorig_Spine1 {
			FrameTransformMatrix {
				1.000000,0.000000,0.000000,0.000000,
				0.000000,1.000000,0.000000,0.000000,
				0.000000,-0.000000,1.000000,0.000000,
				0.000000,12.864401,0.000000,1.000000;;
			}
			Frame mixamorig_Spine2 {
				FrameTransformMatrix {
					1.000000,0.000000,0.000000,0.000000,
					0.000000,1.000000,0.000000,0.000000,
					0.000000,0.000000,1.000000,0.000000,
					0.000000,14.702159,-0.000000,1.000000;;
				}
				Frame mixamorig_Neck {
					FrameTransformMatrix {
						1.000000,0.000000,0.000000,0.000000,
						0.000000,0.997344,-0.072829,0.000000,
						0.000000,0.072829,0.997344,0.000000,
						0.000000,16.539940,-0.000002,1.000000;;
					}
					Frame mixamorig_Head {
						FrameTransformMatrix {
							1.000000,0.000000,0.000000,0.000000,
							0.000000,1.000000,0.000000,0.000000,
							0.000000,0.000000,1.000000,0.000000,
							0.000000,6.188477,-2.321620,1.000000;;
						}
						Frame mixamorig_HeadTop_End {
							FrameTransformMatrix {
								1.000000,0.000000,0.000000,0.000000,
								0.000000,1.000000,0.000000,0.000000,
								0.000000,0.000000,1.000000,0.000000,
								0.000000,23.717819,-8.897791,1.000000;;
							}
						}
					}
				}
				Frame mixamorig_LeftShoulder {
					FrameTransformMatrix {
						-0.015629,0.000026,0.999878,0.000000,
						0.965663,-0.259358,0.015101,0.000000,
						0.259327,0.965781,0.004028,0.000000,
						7.985327,14.403621,0.124439,1.000000;;
					}
					Frame mixamorig_LeftArm {
						FrameTransformMatrix {
							0.997591,-0.069377,0.000000,0.000000,
							0.068756,0.988660,0.133504,0.000000,
							-0.009262,-0.133183,0.991048,0.000000,
							0.000000,16.443417,-0.000000,1.000000;;
						}
						Frame mixamorig_LeftForeArm {
							FrameTransformMatrix {
								0.973581,0.228340,0.000000,0.000000,
								-0.227190,0.968679,0.100224,0.000000,
								0.022885,-0.097576,0.994965,0.000000,
								0.000000,20.702911,-0.000000,1.000000;;
							}
							Frame mixamorig_LeftHand {
								FrameTransformMatrix {
									0.972875,0.064872,-0.222050,0.000000,
									-0.112243,0.971690,-0.207893,0.000000,
									0.202277,0.227177,0.952615,0.000000,
									-0.000000,28.480791,-0.000000,1.000000;;
								}
								Frame mixamorig_LeftHandThumb1 {
									FrameTransformMatrix {
										0.781580,0.623805,-0.000000,0.000000,
										-0.593986,0.744218,-0.305484,0.000000,
										-0.190562,0.238760,0.952197,0.000000,
										-2.770290,3.260447,-1.371969,1.000000;;
									}
									Frame mixamorig_LeftHandThumb2 {
										FrameTransformMatrix {
											1.000000,0.000000,0.000000,0.000000,
											0.000000,0.989067,-0.147469,0.000000,
											-0.000000,0.147469,0.989067,0.000000,
											-0.105061,3.592884,0.000000,1.000000;;
										}
										Frame mixamorig_LeftHandThumb3 {
											FrameTransformMatrix {
												1.000000,0.000000,-0.000000,0.000000,
												-0.000000,0.998617,-0.052569,0.000000,
												0.000000,0.052569,0.998617,0.000000,
												-0.033138,3.493665,0.000000,1.000000;;
											}
											Frame mixamorig_LeftHandThumb4 {
												FrameTransformMatrix {
													1.000000,0.000000,0.000000,0.000000,
													0.000000,1.000000,-0.000000,0.000000,
													-0.000000,0.000000,1.000000,0.000000,
													0.138198,2.622627,-0.000000,1.000000;;
												}
											}
										}
									}
								}
								Frame mixamorig_LeftHandIndex1 {
									FrameTransformMatrix {
										0.975732,0.218968,0.000000,0.000000,
										-0.218358,0.973014,-0.074591,0.000000,
										-0.016333,0.072780,0.997214,0.000000,
										-3.258903,10.756469,-0.003820,1.000000;;
									}
									Frame mixamorig_LeftHandIndex2 {
										FrameTransformMatrix {
											1.000000,0.000000,0.000000,0.000000,
											0.000000,0.949059,-0.315097,0.000000,
											0.000000,0.315097,0.949059,0.000000,
											0.109371,2.853128,-0.000000,1.000000;;
										}
										Frame mixamorig_LeftHandIndex3 {
											FrameTransformMatrix {
												1.000000,-0.000000,0.000000,0.000000,
												0.000000,0.999972,0.007531,0.000000,
												-0.000000,-0.007531,0.999972,0.000000,
												-0.061237,2.685963,-0.000000,1.000000;;
											}
											Frame mixamorig_LeftHandIndex4 {
												FrameTransformMatrix {
													1.000000,0.000000,-0.000000,0.000000,
													0.000000,1.000000,0.000000,0.000000,
													0.000000,-0.000000,1.000000,0.000000,
													-0.048135,2.249833,0.000000,1.000000;;
												}
											}
										}
									}
								}
								Frame mixamorig_LeftHandMiddle1 {
									FrameTransformMatrix {
										0.999615,-0.027734,0.000000,0.000000,
										0.027726,0.999345,-0.023271,0.000000,
										0.000645,0.023262,0.999729,0.000000,
										-1.104982,11.061543,0.178979,1.000000;;
									}
									Frame mixamorig_LeftHandMiddle2 {
										FrameTransformMatrix {
											1.000000,-0.000000,0.000000,0.000000,
											0.000000,0.908301,-0.418317,0.000000,
											-0.000000,0.418317,0.908301,0.000000,
											0.088648,3.112893,-0.000000,1.000000;;
										}
										Frame mixamorig_LeftHandMiddle3 {
											FrameTransformMatrix {
												1.000000,0.000000,0.000000,0.000000,
												0.000000,0.997395,-0.072133,0.000000,
												0.000000,0.072133,0.997395,0.000000,
												-0.039374,3.016294,0.000000,1.000000;;
											}
											Frame mixamorig_LeftHandMiddle4 {
												FrameTransformMatrix {
													1.000000,-0.000000,0.000000,0.000000,
													0.000000,1.000000,-0.000000,0.000000,
													-0.000000,0.000000,1.000000,0.000000,
													-0.049274,2.467938,-0.000000,1.000000;;
												}
											}
										}
									}
								}
								Frame mixamorig_LeftHandRing1 {
									FrameTransformMatrix {
										0.989613,-0.143755,-0.000000,0.000000,
										0.142955,0.984103,-0.105385,0.000000,
										0.015150,0.104291,0.994431,0.000000,
										1.260879,10.768150,0.117530,1.000000;;
									}
									Frame mixamorig_LeftHandRing2 {
										FrameTransformMatrix {
											1.000000,0.000000,0.000000,0.000000,
											0.000000,0.958275,-0.285846,0.000000,
											-0.000000,0.285846,0.958275,0.000000,
											0.039008,2.933240,-0.000000,1.000000;;
										}
										Frame mixamorig_LeftHandRing3 {
											FrameTransformMatrix {
												1.000000,0.000000,0.000000,0.000000,
												-0.000000,0.970306,-0.241881,0.000000,
												-0.000000,0.241881,0.970306,0.000000,
												-0.003802,2.869819,0.000000,1.000000;;
											}
											Frame mixamorig_LeftHandRing4 {
												FrameTransformMatrix {
													1.000000,-0.000000,0.000000,0.000000,
													0.000000,1.000000,0.000000,0.000000,
													-0.000000,-0.000000,1.000000,0.000000,
													-0.035205,2.582460,0.000000,1.000000;;
												}
											}
										}
									}
								}
								Frame mixamorig_LeftHandPinky1 {
									FrameTransformMatrix {
										0.923757,-0.382980,-0.000000,0.000000,
										0.371070,0.895028,-0.247451,0.000000,
										0.094769,0.228585,0.968900,0.000000,
										3.103006,9.804624,0.256461,1.000000;;
									}
									Frame mixamorig_LeftHandPinky2 {
										FrameTransformMatrix {
											1.000000,-0.000000,0.000000,0.000000,
											0.000000,0.953661,-0.300883,0.000000,
											0.000000,0.300883,0.953661,0.000000,
											-0.028648,2.793061,-0.000000,1.000000;;
										}
										Frame mixamorig_LeftHandPinky3 {
											FrameTransformMatrix {
												1.000000,-0.000000,0.000000,0.000000,
												0.000000,0.980726,-0.195386,0.000000,
												-0.000000,0.195386,0.980726,0.000000,
												0.003506,2.307577,-0.000000,1.000000;;
											}
											Frame mixamorig_LeftHandPinky4 {
												FrameTransformMatrix {
													1.000000,-0.000000,0.000000,0.000000,
													0.000000,1.000000,-0.000000,0.000000,
													-0.000000,0.000000,1.000000,0.000000,
													0.025142,2.027596,-0.000000,1.000000;;
												}
											}
										}
									}
								}
							}
						}
					}
				}
				Frame mixamorig_RightShoulder {
					FrameTransformMatrix {
						-0.023526,-0.000048,-0.999723,0.000000,
						-0.965663,-0.258801,0.022737,0.000000,
						-0.258730,0.965931,0.006042,0.000000,
						-7.985327,14.408205,0.187225,1.000000;;
					}
					Frame mixamorig_RightArm {
						FrameTransformMatrix {
							0.998693,0.051120,-0.000000,0.000000,
							-0.050671,0.989904,0.132371,0.000000,
							0.006767,-0.132198,0.991200,0.000000,
							0.000000,16.443417,-0.000000,1.000000;;
						}
						Frame mixamorig_RightForeArm {
							FrameTransformMatrix {
								0.975661,-0.219282,-0.000000,0.000000,
								0.218182,0.970764,0.100070,0.000000,
								-0.021944,-0.097635,0.994980,0.000000,
								-0.000000,20.688032,-0.000000,1.000000;;
							}
							Frame mixamorig_RightHand {
								FrameTransformMatrix {
									0.974043,-0.050031,0.220765,0.000000,
									0.097225,0.973196,-0.208415,0.000000,
									-0.204420,0.224469,0.952799,0.000000,
									-0.000000,28.483500,-0.000000,1.000000;;
								}
								Frame mixamorig_RightHandThumb1 {
									FrameTransformMatrix {
										0.765509,-0.643426,0.000000,0.000000,
										0.613035,0.729352,-0.303698,0.000000,
										0.195407,0.232484,0.952768,0.000000,
										2.698716,3.058632,-1.299813,1.000000;;
									}
									Frame mixamorig_RightHandThumb2 {
										FrameTransformMatrix {
											1.000000,-0.000000,-0.000000,0.000000,
											0.000000,0.987204,-0.159463,0.000000,
											0.000000,0.159463,0.987204,0.000000,
											0.078305,3.423988,0.000000,1.000000;;
										}
										Frame mixamorig_RightHandThumb3 {
											FrameTransformMatrix {
												1.000000,0.000000,-0.000000,0.000000,
												-0.000000,0.999012,-0.044446,0.000000,
												0.000000,0.044446,0.999012,0.000000,
												-0.053042,3.564641,-0.000000,1.000000;;
											}
											Frame mixamorig_RightHandThumb4 {
												FrameTransformMatrix {
													1.000000,-0.000000,0.000000,0.000000,
													0.000000,1.000000,-0.000000,0.000000,
													0.000000,0.000000,1.000000,0.000000,
													-0.025264,3.087018,-0.000000,1.000000;;
												}
											}
										}
									}
								}
								Frame mixamorig_RightHandIndex1 {
									FrameTransformMatrix {
										0.978087,-0.208195,0.000000,0.000000,
										0.206884,0.971927,-0.112062,0.000000,
										0.023331,0.109607,0.993701,0.000000,
										3.329366,10.756874,0.008224,1.000000;;
									}
									Frame mixamorig_RightHandIndex2 {
										FrameTransformMatrix {
											1.000000,-0.000000,0.000000,0.000000,
											0.000000,0.959553,-0.281529,0.000000,
											0.000000,0.281529,0.959553,0.000000,
											-0.077823,2.776619,0.000000,1.000000;;
										}
										Frame mixamorig_RightHandIndex3 {
											FrameTransformMatrix {
												1.000000,0.000000,0.000000,0.000000,
												-0.000000,0.997985,0.063452,0.000000,
												-0.000000,-0.063452,0.997985,0.000000,
												0.057177,2.737660,-0.000000,1.000000;;
											}
											Frame mixamorig_RightHandIndex4 {
												FrameTransformMatrix {
													1.000000,0.000000,0.000000,0.000000,
													-0.000000,1.000000,0.000000,0.000000,
													-0.000000,-0.000000,1.000000,0.000000,
													0.020645,2.185542,0.000000,1.000000;;
												}
											}
										}
									}
								}
								Frame mixamorig_RightHandMiddle1 {
									FrameTransformMatrix {
										0.999995,-0.003233,-0.000000,0.000000,
										0.003224,0.997271,-0.073758,0.000000,
										0.000238,0.073758,0.997276,0.000000,
										1.147194,11.013397,0.263927,1.000000;;
									}
									Frame mixamorig_RightHandMiddle2 {
										FrameTransformMatrix {
											1.000000,-0.000000,0.000000,0.000000,
											0.000000,0.929103,-0.369821,0.000000,
											-0.000000,0.369821,0.929103,0.000000,
											-0.085029,3.240009,0.000000,1.000000;;
										}
										Frame mixamorig_RightHandMiddle3 {
											FrameTransformMatrix {
												1.000000,0.000000,0.000000,0.000000,
												0.000000,0.989832,-0.142239,0.000000,
												0.000000,0.142239,0.989832,0.000000,
												0.027768,3.001971,0.000000,1.000000;;
											}
											Frame mixamorig_RightHandMiddle4 {
												FrameTransformMatrix {
													1.000000,-0.000000,0.000000,0.000000,
													0.000000,1.000000,-0.000000,0.000000,
													-0.000000,0.000000,1.000000,0.000000,
													0.057261,2.538451,-0.000000,1.000000;;
												}
											}
										}
									}
								}
								Frame mixamorig_RightHandRing1 {
									FrameTransformMatrix {
										0.994430,0.105395,-0.000000,0.000000,
										-0.104525,0.986228,-0.128177,0.000000,
										-0.013509,0.127463,0.991751,0.000000,
										-1.318436,11.095921,0.178815,1.000000;;
									}
									Frame mixamorig_RightHandRing2 {
										FrameTransformMatrix {
											1.000000,0.000000,0.000000,0.000000,
											0.000000,0.949020,-0.315216,0.000000,
											0.000000,0.315216,0.949020,0.000000,
											-0.037767,2.875236,-0.000000,1.000000;;
										}
										Frame mixamorig_RightHandRing3 {
											FrameTransformMatrix {
												1.000000,0.000000,-0.000000,0.000000,
												-0.000000,0.984593,-0.174859,0.000000,
												0.000000,0.174859,0.984593,0.000000,
												0.008583,2.694868,-0.000000,1.000000;;
											}
											Frame mixamorig_RightHandRing4 {
												FrameTransformMatrix {
													1.000000,-0.000000,0.000000,0.000000,
													0.000000,1.000000,0.000000,0.000000,
													-0.000000,-0.000000,1.000000,0.000000,
													0.029184,2.360416,-0.000000,1.000000;;
												}
											}
										}
									}
								}
								Frame mixamorig_RightHandPinky1 {
									FrameTransformMatrix {
										0.950507,0.310705,-0.000000,0.000000,
										-0.304759,0.932319,-0.194688,0.000000,
										-0.060490,0.185052,0.980865,0.000000,
										-3.158124,9.809884,0.152362,1.000000;;
									}
									Frame mixamorig_RightHandPinky2 {
										FrameTransformMatrix {
											1.000000,-0.000000,0.000000,0.000000,
											0.000000,0.919506,-0.393077,0.000000,
											0.000000,0.393077,0.919506,0.000000,
											0.016399,2.855931,-0.000000,1.000000;;
										}
										Frame mixamorig_RightHandPinky3 {
											FrameTransformMatrix {
												1.000000,-0.000000,0.000000,0.000000,
												0.000000,0.974769,-0.223216,0.000000,
												-0.000000,0.223216,0.974769,0.000000,
												-0.005530,2.304318,-0.000000,1.000000;;
											}
											Frame mixamorig_RightHandPinky4 {
												FrameTransformMatrix {
													1.000000,-0.000000,0.000000,0.000000,
													0.000000,1.000000,0.000000,0.000000,
													-0.000000,-0.000000,1.000000,0.000000,
													-0.010869,1.994622,-0.000000,1.000000;;
												}
											}
										}
									}
								}
							}
						}
					}
				}
			}
		}
	}
	Frame mixamorig_LeftUpLeg {
		FrameTransformMatrix {
			-0.994837,-0.101308,0.006047,0.000000,
			0.101488,-0.993069,0.059281,0.000000,
			0.000000,0.059588,0.998223,0.000000,
			9.640739,-6.119278,-0.586611,1.000000;;
		}
		Frame mixamorig_LeftLeg {
			FrameTransformMatrix {
				0.999911,0.013370,-0.000000,0.000000,
				-0.013348,0.998315,0.056467,0.000000,
				0.000755,-0.056462,0.998404,0.000000,
				0.000000,45.053291,-0.000000,1.000000;;
			}
			Frame mixamorig_LeftFoot {
				FrameTransformMatrix {
					0.976062,-0.000000,-0.217492,0.000000,
					-0.189754,0.488677,-0.851580,0.000000,
					0.106283,0.872465,0.476979,0.000000,
					0.000000,42.823772,-0.000000,1.000000;;
				}
				Frame mixamorig_LeftToeBase {
					FrameTransformMatrix {
						0.995585,0.000000,-0.093863,0.000000,
						-0.051165,0.838369,-0.542697,0.000000,
						0.078692,0.545103,0.834667,0.000000,
						0.000000,16.588381,0.000000,1.000000;;
					}
					Frame mixamorig_LeftToe_End {
						FrameTransformMatrix {
							1.000000,0.000000,-0.000000,0.000000,
							-0.000000,1.000000,-0.000000,0.000000,
							0.000000,0.000000,1.000000,0.000000,
							-0.000000,6.714916,0.000000,1.000000;;
						}
					}
				}
			}
		}
	}
	Frame mixamorig_RightUpLeg {
		FrameTransformMatrix {
			-0.994833,0.101387,-0.005333,0.000000,
			-0.101528,-0.993459,0.052260,0.000000,
			-0.000000,0.052531,0.998619,0.000000,
			-9.640739,-6.119278,-0.358860,1.000000;;
		}
		Frame mixamorig_RightLeg {
			FrameTransformMatrix {
				0.999911,-0.013365,0.000000,0.000000,
				0.013336,0.997752,0.065681,0.000000,
				-0.000878,-0.065675,0.997841,0.000000,
				-0.000000,45.035599,0.000000,1.000000;;
			}
			Frame mixamorig_RightFoot {
				FrameTransformMatrix {
					0.976864,0.000000,0.213861,0.000000,
					0.187468,0.481234,-0.856311,0.000000,
					-0.102917,0.876592,0.470100,0.000000,
					-0.000000,42.834618,-0.000000,1.000000;;
				}
				Frame mixamorig_RightToeBase {
					FrameTransformMatrix {
						0.994956,0.000000,0.100310,0.000000,
						0.054161,0.841704,-0.537215,0.000000,
						-0.084431,0.539939,0.837459,0.000000,
						-0.000000,16.735941,0.000000,1.000000;;
					}
					Frame mixamorig_RightToe_End {
						FrameTransformMatrix {
							1.000000,0.000000,0.000000,0.000000,
							-0.000000,1.000000,0.000000,0.000000,
							-0.000000,-0.000000,1.000000,0.000000,
							-0.000000,6.713154,-0.000000,1.000000;;
						}
					}
				}
			}
		}
	}
}
AnimationSet FiringRifle {
	Animation {
		{mixamorig_Hips}
		AnimationKey {
			4;
			74;
			0;16;
			0.776026,0.032532,-0.629862,0.000000,
			0.129964,0.968988,0.210170,0.000000,
			0.617166,-0.244957,0.747732,0.000000,
			0.381022,99.545761,1.786591,1.000000;;,
			1;16;
			0.777470,0.031174,-0.628147,0.000000,
			0.129554,0.969412,0.208462,0.000000,
			0.615432,-0.243452,0.749649,0.000000,
			0.404064,99.530991,1.813703,1.000000;;,
			2;16;
			0.778587,0.030322,-0.626804,0.000000,
			0.129074,0.969738,0.207240,0.000000,
			0.614119,-0.242259,0.751111,0.000000,
			0.426794,99.529648,1.821644,1.000000;;,
			3;16;
			0.779207,0.029822,-0.626056,0.000000,
			0.128467,0.970061,0.206103,0.000000,
			0.613459,-0.241025,0.752047,0.000000,
			0.449719,99.537926,1.806447,1.000000;;,
			4;16;
			0.779167,0.029297,-0.626131,0.000000,
			0.127903,0.970459,0.204572,0.000000,
			0.613628,-0.239480,0.752403,0.000000,
			0.474127,99.549850,1.763483,1.000000;;,
			5;16;
			0.778352,0.028594,-0.627177,0.000000,
			0.127600,0.970908,0.202622,0.000000,
			0.614725,-0.237739,0.752059,0.000000,
			0.500246,99.561157,1.691659,1.000000;;,
			6;16;
			0.776691,0.027862,-0.629266,0.000000,
			0.127503,0.971385,0.200384,0.000000,
			0.616842,-0.235869,0.750913,0.000000,
			0.527943,99.570045,1.594801,1.000000;;,
			7;16;
			0.774531,0.027338,-0.631944,0.000000,
			0.127386,0.971854,0.198171,0.000000,
			0.619576,-0.233991,0.749249,0.000000,
			0.557359,99.576927,1.481670,1.000000;;,
			8;16;
			0.772423,0.026819,-0.634542,0.000000,
			0.127356,0.972274,0.196123,0.000000,
			0.622208,-0.232303,0.747591,0.000000,
			0.589140,99.583237,1.360507,1.000000;;,
			9;16;
			0.770550,0.026310,-0.636836,0.000000,
			0.127240,0.972686,0.194142,0.000000,
			0.624549,-0.230627,0.746156,0.000000,
			0.625281,99.589989,1.232273,1.000000;;,
			10;16;
			0.769158,0.025893,-0.638534,0.000000,
			0.126993,0.973059,0.192430,0.000000,
			0.626314,-0.229099,0.745147,0.000000,
			0.660173,99.596115,1.117193,1.000000;;,
			11;16;
			0.768366,0.025719,-0.639493,0.000000,
			0.126818,0.973262,0.191518,0.000000,
			0.627320,-0.228255,0.744560,0.000000,
			0.681835,99.599640,1.049569,1.000000;;,
			12;16;
			0.767999,0.025707,-0.639935,0.000000,
			0.126567,0.973396,0.190998,0.000000,
			0.627821,-0.227681,0.744314,0.000000,
			0.694374,99.601471,1.011868,1.000000;;,
			13;16;
			0.767695,0.025623,-0.640303,0.000000,
			0.126451,0.973496,0.190565,0.000000,
			0.628216,-0.227262,0.744108,0.000000,
			0.705176,99.602959,0.979430,1.000000;;,
			14;16;
			0.767451,0.025541,-0.640598,0.000000,
			0.126376,0.973574,0.190219,0.000000,
			0.628528,-0.226940,0.743943,0.000000,
			0.714499,99.604202,0.951775,1.000000;;,
			15;16;
			0.767206,0.025533,-0.640892,0.000000,
			0.126208,0.973663,0.189872,0.000000,
			0.628861,-0.226557,0.743778,0.000000,
			0.723473,99.605225,0.925124,1.000000;;,
			16;16;
			0.766960,0.025525,-0.641187,0.000000,
			0.126100,0.973731,0.189598,0.000000,
			0.629183,-0.226267,0.743594,0.000000,
			0.732143,99.606171,0.899409,1.000000;;,
			17;16;
			0.766899,0.025523,-0.641260,0.000000,
			0.125997,0.973775,0.189440,0.000000,
			0.629278,-0.226078,0.743571,0.000000,
			0.736740,99.606636,0.885742,1.000000;;,
			18;16;
			0.766783,0.025298,-0.641407,0.000000,
			0.126012,0.973848,0.189053,0.000000,
			0.629416,-0.225788,0.743542,0.000000,
			0.745136,99.599747,0.891020,1.000000;;,
			19;16;
			0.766601,0.025219,-0.641628,0.000000,
			0.125978,0.973903,0.188794,0.000000,
			0.629644,-0.225561,0.743418,0.000000,
			0.750220,99.592796,0.899892,1.000000;;,
			20;16;
			0.766303,0.024915,-0.641996,0.000000,
			0.126382,0.973879,0.188647,0.000000,
			0.629926,-0.225697,0.743138,0.000000,
			0.748074,99.585098,0.909756,1.000000;;,
			21;16;
			0.766003,0.024684,-0.642363,0.000000,
			0.126752,0.973845,0.188571,0.000000,
			0.630217,-0.225867,0.742839,0.000000,
			0.734217,99.577942,0.916113,1.000000;;,
			22;16;
			0.765574,0.024597,-0.642877,0.000000,
			0.127274,0.973729,0.188821,0.000000,
			0.630633,-0.226378,0.742331,0.000000,
			0.707230,99.571915,0.912834,1.000000;;,
			23;16;
			0.764943,0.025017,-0.643611,0.000000,
			0.127924,0.973438,0.189878,0.000000,
			0.631266,-0.227579,0.741425,0.000000,
			0.668634,99.564476,0.894772,1.000000;;,
			24;16;
			0.763909,0.026376,-0.644785,0.000000,
			0.128746,0.972848,0.192329,0.000000,
			0.632351,-0.229935,0.739772,0.000000,
			0.619925,99.554276,0.864508,1.000000;;,
			25;16;
			0.762267,0.028954,-0.646615,0.000000,
			0.129498,0.971979,0.196183,0.000000,
			0.634176,-0.233279,0.737158,0.000000,
			0.563380,99.547562,0.836912,1.000000;;,
			26;16;
			0.760448,0.032463,-0.648587,0.000000,
			0.129955,0.970940,0.200965,0.000000,
			0.636263,-0.237111,0.734130,0.000000,
			0.505290,99.555885,0.836042,1.000000;;,
			27;16;
			0.759420,0.035921,-0.649608,0.000000,
			0.130341,0.969832,0.206003,0.000000,
			0.637411,-0.241113,0.731828,0.000000,
			0.453800,99.584106,0.884843,1.000000;;,
			28;16;
			0.760037,0.038580,-0.648733,0.000000,
			0.130726,0.968756,0.210766,0.000000,
			0.636596,-0.244996,0.731247,0.000000,
			0.413683,99.622070,0.990576,1.000000;;,
			29;16;
			0.762139,0.040006,-0.646176,0.000000,
			0.131083,0.967881,0.214530,0.000000,
			0.634004,-0.248204,0.732416,0.000000,
			0.384423,99.650574,1.136821,1.000000;;,
			30;16;
			0.764970,0.040301,-0.642804,0.000000,
			0.131281,0.967331,0.216879,0.000000,
			0.630545,-0.250294,0.734688,0.000000,
			0.363451,99.657585,1.294707,1.000000;;,
			31;16;
			0.767832,0.039714,-0.639419,0.000000,
			0.131131,0.967203,0.217538,0.000000,
			0.627088,-0.250881,0.737442,0.000000,
			0.349886,99.646095,1.441850,1.000000;;,
			32;16;
			0.770350,0.038363,-0.636466,0.000000,
			0.130775,0.967462,0.216598,0.000000,
			0.624066,-0.250091,0.740267,0.000000,
			0.344285,99.625183,1.567747,1.000000;;,
			33;16;
			0.772394,0.036461,-0.634097,0.000000,
			0.130530,0.967929,0.214654,0.000000,
			0.621587,-0.248566,0.742863,0.000000,
			0.347645,99.599617,1.667500,1.000000;;,
			34;16;
			0.774250,0.034391,-0.631944,0.000000,
			0.130308,0.968465,0.212357,0.000000,
			0.619319,-0.246766,0.745353,0.000000,
			0.360622,99.571243,1.739445,1.000000;;,
			35;16;
			0.776026,0.032532,-0.629862,0.000000,
			0.129964,0.968988,0.210170,0.000000,
			0.617166,-0.244957,0.747732,0.000000,
			0.381023,99.545761,1.786589,1.000000;;,
			36;16;
			0.777470,0.031174,-0.628147,0.000000,
			0.129554,0.969412,0.208462,0.000000,
			0.615432,-0.243452,0.749649,0.000000,
			0.404064,99.530991,1.813703,1.000000;;,
			37;16;
			0.778587,0.030322,-0.626804,0.000000,
			0.129074,0.969738,0.207240,0.000000,
			0.614119,-0.242259,0.751111,0.000000,
			0.426796,99.529648,1.821642,1.000000;;,
			38;16;
			0.779207,0.029822,-0.626056,0.000000,
			0.128467,0.970061,0.206103,0.000000,
			0.613459,-0.241025,0.752047,0.000000,
			0.449719,99.537926,1.806447,1.000000;;,
			39;16;
			0.779167,0.029297,-0.626131,0.000000,
			0.127903,0.970459,0.204572,0.000000,
			0.613628,-0.239480,0.752403,0.000000,
			0.474127,99.549850,1.763483,1.000000;;,
			40;16;
			0.778352,0.028594,-0.627177,0.000000,
			0.127600,0.970908,0.202622,0.000000,
			0.614725,-0.237739,0.752059,0.000000,
			0.500246,99.561157,1.691659,1.000000;;,
			41;16;
			0.776691,0.027862,-0.629266,0.000000,
			0.127503,0.971385,0.200384,0.000000,
			0.616842,-0.235869,0.750913,0.000000,
			0.527945,99.570045,1.594802,1.000000;;,
			42;16;
			0.774531,0.027338,-0.631944,0.000000,
			0.127386,0.971854,0.198171,0.000000,
			0.619576,-0.233991,0.749249,0.000000,
			0.557359,99.576927,1.481670,1.000000;;,
			43;16;
			0.772423,0.026819,-0.634542,0.000000,
			0.127356,0.972274,0.196123,0.000000,
			0.622208,-0.232303,0.747591,0.000000,
			0.589140,99.583237,1.360507,1.000000;;,
			44;16;
			0.770550,0.026310,-0.636836,0.000000,
			0.127240,0.972686,0.194142,0.000000,
			0.624549,-0.230627,0.746156,0.000000,
			0.625281,99.589989,1.232273,1.000000;;,
			45;16;
			0.769158,0.025893,-0.638534,0.000000,
			0.126993,0.973059,0.192430,0.000000,
			0.626314,-0.229099,0.745147,0.000000,
			0.660173,99.596115,1.117193,1.000000;;,
			46;16;
			0.768366,0.025719,-0.639493,0.000000,
			0.126818,0.973262,0.191518,0.000000,
			0.627320,-0.228255,0.744560,0.000000,
			0.681837,99.599640,1.049566,1.000000;;,
			47;16;
			0.767999,0.025707,-0.639935,0.000000,
			0.126567,0.973396,0.190998,0.000000,
			0.627821,-0.227681,0.744314,0.000000,
			0.694376,99.601463,1.011865,1.000000;;,
			48;16;
			0.767695,0.025623,-0.640303,0.000000,
			0.126451,0.973496,0.190565,0.000000,
			0.628216,-0.227262,0.744108,0.000000,
			0.705176,99.602959,0.979430,1.000000;;,
			49;16;
			0.767451,0.025541,-0.640598,0.000000,
			0.126376,0.973574,0.190219,0.000000,
			0.628528,-0.226940,0.743943,0.000000,
			0.714499,99.604202,0.951775,1.000000;;,
			50;16;
			0.767206,0.025533,-0.640892,0.000000,
			0.126208,0.973663,0.189872,0.000000,
			0.628861,-0.226557,0.743778,0.000000,
			0.723473,99.605225,0.925124,1.000000;;,
			51;16;
			0.766960,0.025525,-0.641187,0.000000,
			0.126100,0.973731,0.189598,0.000000,
			0.629183,-0.226267,0.743594,0.000000,
			0.732143,99.606171,0.899409,1.000000;;,
			52;16;
			0.766899,0.025523,-0.641260,0.000000,
			0.125997,0.973775,0.189440,0.000000,
			0.629278,-0.226078,0.743571,0.000000,
			0.736740,99.606636,0.885742,1.000000;;,
			53;16;
			0.766783,0.025298,-0.641407,0.000000,
			0.126012,0.973848,0.189053,0.000000,
			0.629416,-0.225788,0.743542,0.000000,
			0.745137,99.599762,0.891020,1.000000;;,
			54;16;
			0.766601,0.025219,-0.641628,0.000000,
			0.125978,0.973903,0.188794,0.000000,
			0.629644,-0.225561,0.743418,0.000000,
			0.750220,99.592812,0.899890,1.000000;;,
			55;16;
			0.766303,0.024915,-0.641996,0.000000,
			0.126382,0.973879,0.188647,0.000000,
			0.629926,-0.225697,0.743138,0.000000,
			0.748077,99.585114,0.909749,1.000000;;,
			56;16;
			0.766003,0.024684,-0.642363,0.000000,
			0.126752,0.973845,0.188571,0.000000,
			0.630217,-0.225867,0.742839,0.000000,
			0.734217,99.577942,0.916113,1.000000;;,
			57;16;
			0.765574,0.024597,-0.642877,0.000000,
			0.127274,0.973729,0.188821,0.000000,
			0.630633,-0.226378,0.742331,0.000000,
			0.707231,99.571915,0.912834,1.000000;;,
			58;16;
			0.764943,0.025017,-0.643611,0.000000,
			0.127924,0.973438,0.189878,0.000000,
			0.631266,-0.227579,0.741425,0.000000,
			0.668634,99.564476,0.894772,1.000000;;,
			59;16;
			0.763909,0.026376,-0.644785,0.000000,
			0.128746,0.972848,0.192329,0.000000,
			0.632351,-0.229935,0.739772,0.000000,
			0.619925,99.554276,0.864508,1.000000;;,
			60;16;
			0.762267,0.028954,-0.646615,0.000000,
			0.129498,0.971979,0.196183,0.000000,
			0.634176,-0.233279,0.737158,0.000000,
			0.563380,99.547562,0.836912,1.000000;;,
			61;16;
			0.760448,0.032463,-0.648587,0.000000,
			0.129955,0.970940,0.200965,0.000000,
			0.636263,-0.237111,0.734130,0.000000,
			0.505291,99.555855,0.836043,1.000000;;,
			62;16;
			0.759420,0.035921,-0.649608,0.000000,
			0.130341,0.969832,0.206003,0.000000,
			0.637411,-0.241113,0.731828,0.000000,
			0.453800,99.584099,0.884854,1.000000;;,
			63;16;
			0.760037,0.038580,-0.648733,0.000000,
			0.130726,0.968756,0.210766,0.000000,
			0.636596,-0.244996,0.731247,0.000000,
			0.413684,99.622070,0.990577,1.000000;;,
			64;16;
			0.762139,0.040006,-0.646176,0.000000,
			0.131083,0.967881,0.214530,0.000000,
			0.634004,-0.248204,0.732416,0.000000,
			0.384420,99.650574,1.136825,1.000000;;,
			65;16;
			0.764970,0.040301,-0.642804,0.000000,
			0.131281,0.967331,0.216879,0.000000,
			0.630545,-0.250294,0.734688,0.000000,
			0.363453,99.657578,1.294705,1.000000;;,
			66;16;
			0.767832,0.039714,-0.639419,0.000000,
			0.131131,0.967203,0.217538,0.000000,
			0.627088,-0.250881,0.737442,0.000000,
			0.349886,99.646095,1.441850,1.000000;;,
			67;16;
			0.770350,0.038363,-0.636466,0.000000,
			0.130775,0.967462,0.216598,0.000000,
			0.624066,-0.250091,0.740267,0.000000,
			0.344285,99.625183,1.567747,1.000000;;,
			68;16;
			0.772394,0.036461,-0.634097,0.000000,
			0.130530,0.967929,0.214654,0.000000,
			0.621587,-0.248566,0.742863,0.000000,
			0.347645,99.599609,1.667503,1.000000;;,
			69;16;
			0.774250,0.034391,-0.631944,0.000000,
			0.130308,0.968465,0.212357,0.000000,
			0.619319,-0.246766,0.745353,0.000000,
			0.360626,99.571259,1.739436,1.000000;;,
			70;16;
			0.776026,0.032532,-0.629862,0.000000,
			0.129964,0.968988,0.210170,0.000000,
			0.617166,-0.244957,0.747732,0.000000,
			0.381021,99.545761,1.786589,1.000000;;,
			660;16;
			0.776026,0.032532,-0.629862,0.000000,
			0.129964,0.968988,0.210170,0.000000,
			0.617166,-0.244957,0.747732,0.000000,
			0.381021,99.545761,1.786589,1.000000;;,
			661;16;
			0.776026,0.032532,-0.629862,0.000000,
			0.129964,0.968988,0.210170,0.000000,
			0.617166,-0.244957,0.747732,0.000000,
			0.381021,99.545761,1.786589,1.000000;;,
			663;16;
			0.776026,0.032532,-0.629862,0.000000,
			0.129964,0.968988,0.210170,0.000000,
			0.617166,-0.244957,0.747732,0.000000,
			0.381021,99.545761,1.786589,1.000000;;;
		}
	}
	Animation {
		{mixamorig_Spine}
		AnimationKey {
			4;
			74;
			0;16;
			0.999967,0.005262,-0.006249,0.000000,
			-0.005654,0.997909,-0.064381,0.000000,
			0.005897,0.064414,0.997906,0.000000,
			0.000000,10.997345,0.803058,1.000000;;,
			1;16;
			0.999965,0.005549,-0.006228,0.000000,
			-0.005941,0.997889,-0.064668,0.000000,
			0.005856,0.064703,0.997887,0.000000,
			0.000000,10.997345,0.803058,1.000000;;,
			2;16;
			0.999966,0.005181,-0.006447,0.000000,
			-0.005589,0.997866,-0.065050,0.000000,
			0.006096,0.065084,0.997861,0.000000,
			0.000000,10.997345,0.803058,1.000000;;,
			3;16;
			0.999969,0.004511,-0.006496,0.000000,
			-0.004928,0.997838,-0.065528,0.000000,
			0.006186,0.065558,0.997830,0.000000,
			0.000000,10.997345,0.803058,1.000000;;,
			4;16;
			0.999975,0.003527,-0.006183,0.000000,
			-0.003927,0.997818,-0.065911,0.000000,
			0.005937,0.065934,0.997806,0.000000,
			0.000000,10.997345,0.803058,1.000000;;,
			5;16;
			0.999983,0.002494,-0.005201,0.000000,
			-0.002833,0.997809,-0.066103,0.000000,
			0.005025,0.066117,0.997799,0.000000,
			0.000000,10.997345,0.803058,1.000000;;,
			6;16;
			0.999990,0.001646,-0.004110,0.000000,
			-0.001914,0.997811,-0.066103,0.000000,
			0.003992,0.066111,0.997804,0.000000,
			0.000000,10.997345,0.803058,1.000000;;,
			7;16;
			0.999994,0.001200,-0.003277,0.000000,
			-0.001414,0.997812,-0.066104,0.000000,
			0.003190,0.066108,0.997807,0.000000,
			0.000000,10.997345,0.803058,1.000000;;,
			8;16;
			0.999996,0.000769,-0.002635,0.000000,
			-0.000942,0.997812,-0.066104,0.000000,
			0.002579,0.066106,0.997809,0.000000,
			0.000000,10.997345,0.803058,1.000000;;,
			9;16;
			0.999998,-0.000229,-0.002132,0.000000,
			0.000087,0.997813,-0.066104,0.000000,
			0.002142,0.066104,0.997810,0.000000,
			0.000000,10.997345,0.803058,1.000000;;,
			10;16;
			0.999997,-0.001411,-0.001737,0.000000,
			0.001293,0.997805,-0.066200,0.000000,
			0.001827,0.066198,0.997805,0.000000,
			0.000000,10.997345,0.803058,1.000000;;,
			11;16;
			0.999997,-0.002204,-0.001411,0.000000,
			0.002105,0.997798,-0.066296,0.000000,
			0.001554,0.066293,0.997799,0.000000,
			0.000000,10.997345,0.803058,1.000000;;,
			12;16;
			0.999996,-0.002512,-0.001145,0.000000,
			0.002430,0.997797,-0.066296,0.000000,
			0.001309,0.066293,0.997799,0.000000,
			0.000000,10.997345,0.803058,1.000000;;,
			13;16;
			0.999996,-0.002813,-0.000974,0.000000,
			0.002742,0.997790,-0.066392,0.000000,
			0.001159,0.066389,0.997793,0.000000,
			0.000000,10.997345,0.803058,1.000000;;,
			14;16;
			0.999995,-0.003113,-0.000804,0.000000,
			0.003053,0.997789,-0.066392,0.000000,
			0.001009,0.066389,0.997793,0.000000,
			0.000000,10.997345,0.803058,1.000000;;,
			15;16;
			0.999994,-0.003325,-0.000531,0.000000,
			0.003283,0.997782,-0.066488,0.000000,
			0.000751,0.066485,0.997787,0.000000,
			0.000000,10.997345,0.803058,1.000000;;,
			16;16;
			0.999994,-0.003531,-0.000354,0.000000,
			0.003499,0.997775,-0.066583,0.000000,
			0.000588,0.066582,0.997781,0.000000,
			0.000000,10.997345,0.803058,1.000000;;,
			17;16;
			0.999993,-0.003633,-0.000265,0.000000,
			0.003607,0.997774,-0.066583,0.000000,
			0.000507,0.066582,0.997781,0.000000,
			0.000000,10.997345,0.803058,1.000000;;,
			18;16;
			0.999994,-0.003510,-0.000641,0.000000,
			0.003459,0.997775,-0.066583,0.000000,
			0.000873,0.066581,0.997781,0.000000,
			0.000000,10.997345,0.803058,1.000000;;,
			19;16;
			0.999995,-0.003113,-0.000804,0.000000,
			0.003053,0.997776,-0.066583,0.000000,
			0.001010,0.066580,0.997781,0.000000,
			0.000000,10.997345,0.803058,1.000000;;,
			20;16;
			0.999996,-0.002540,-0.000762,0.000000,
			0.002483,0.997778,-0.066583,0.000000,
			0.000930,0.066581,0.997781,0.000000,
			0.000000,10.997345,0.803058,1.000000;;,
			21;16;
			0.999998,-0.001959,-0.000816,0.000000,
			0.001900,0.997785,-0.066487,0.000000,
			0.000944,0.066486,0.997787,0.000000,
			0.000000,10.997345,0.803058,1.000000;;,
			22;16;
			0.999998,-0.001521,-0.001553,0.000000,
			0.001414,0.997805,-0.066200,0.000000,
			0.001650,0.066198,0.997805,0.000000,
			0.000000,10.997345,0.803058,1.000000;;,
			23;16;
			0.999994,-0.000917,-0.003239,0.000000,
			0.000704,0.997869,-0.065243,0.000000,
			0.003292,0.065240,0.997864,0.000000,
			0.000000,10.997345,0.803058,1.000000;;,
			24;16;
			0.999986,0.000295,-0.005362,0.000000,
			-0.000636,0.997974,-0.063615,0.000000,
			0.005332,0.063617,0.997960,0.000000,
			0.000000,10.997345,0.803058,1.000000;;,
			25;16;
			0.999971,0.001794,-0.007463,0.000000,
			-0.002253,0.998080,-0.061891,0.000000,
			0.007338,0.061906,0.998055,0.000000,
			0.000000,10.997345,0.803058,1.000000;;,
			26;16;
			0.999954,0.002596,-0.009231,0.000000,
			-0.003154,0.998137,-0.060932,0.000000,
			0.009056,0.060958,0.998099,0.000000,
			0.000000,10.997345,0.803058,1.000000;;,
			27;16;
			0.999945,0.002284,-0.010215,0.000000,
			-0.002903,0.998132,-0.061027,0.000000,
			0.010057,0.061053,0.998084,0.000000,
			0.000000,10.997345,0.803058,1.000000;;,
			28;16;
			0.999949,0.001211,-0.010005,0.000000,
			-0.001828,0.998081,-0.061888,0.000000,
			0.009911,0.061903,0.998033,0.000000,
			0.000000,10.997345,0.803058,1.000000;;,
			29;16;
			0.999958,-0.000006,-0.009133,0.000000,
			-0.000570,0.998011,-0.063037,0.000000,
			0.009115,0.063040,0.997969,0.000000,
			0.000000,10.997345,0.803058,1.000000;;,
			30;16;
			0.999964,-0.000731,-0.008416,0.000000,
			0.000191,0.997950,-0.063995,0.000000,
			0.008446,0.063991,0.997915,0.000000,
			0.000000,10.997345,0.803058,1.000000;;,
			31;16;
			0.999968,-0.000671,-0.007931,0.000000,
			0.000158,0.997919,-0.064474,0.000000,
			0.007958,0.064471,0.997888,0.000000,
			0.000000,10.997345,0.803058,1.000000;;,
			32;16;
			0.999971,0.000463,-0.007656,0.000000,
			-0.000956,0.997919,-0.064474,0.000000,
			0.007611,0.064480,0.997890,0.000000,
			0.000000,10.997345,0.803058,1.000000;;,
			33;16;
			0.999972,0.002156,-0.007148,0.000000,
			-0.002611,0.997928,-0.064284,0.000000,
			0.006995,0.064300,0.997906,0.000000,
			0.000000,10.997345,0.803058,1.000000;;,
			34;16;
			0.999970,0.004040,-0.006626,0.000000,
			-0.004457,0.997928,-0.064189,0.000000,
			0.006353,0.064216,0.997916,0.000000,
			0.000000,10.997345,0.803058,1.000000;;,
			35;16;
			0.999967,0.005262,-0.006249,0.000000,
			-0.005654,0.997909,-0.064381,0.000000,
			0.005897,0.064414,0.997906,0.000000,
			0.000000,10.997345,0.803058,1.000000;;,
			36;16;
			0.999965,0.005549,-0.006228,0.000000,
			-0.005941,0.997889,-0.064668,0.000000,
			0.005856,0.064703,0.997887,0.000000,
			0.000000,10.997345,0.803058,1.000000;;,
			37;16;
			0.999966,0.005181,-0.006447,0.000000,
			-0.005589,0.997866,-0.065050,0.000000,
			0.006096,0.065084,0.997861,0.000000,
			0.000000,10.997345,0.803058,1.000000;;,
			38;16;
			0.999969,0.004511,-0.006496,0.000000,
			-0.004928,0.997838,-0.065528,0.000000,
			0.006186,0.065558,0.997830,0.000000,
			0.000000,10.997345,0.803058,1.000000;;,
			39;16;
			0.999975,0.003527,-0.006183,0.000000,
			-0.003927,0.997818,-0.065911,0.000000,
			0.005937,0.065934,0.997806,0.000000,
			0.000000,10.997345,0.803058,1.000000;;,
			40;16;
			0.999983,0.002494,-0.005201,0.000000,
			-0.002833,0.997809,-0.066103,0.000000,
			0.005025,0.066117,0.997799,0.000000,
			0.000000,10.997345,0.803058,1.000000;;,
			41;16;
			0.999990,0.001646,-0.004110,0.000000,
			-0.001914,0.997811,-0.066103,0.000000,
			0.003992,0.066111,0.997804,0.000000,
			0.000000,10.997345,0.803058,1.000000;;,
			42;16;
			0.999994,0.001200,-0.003277,0.000000,
			-0.001414,0.997812,-0.066104,0.000000,
			0.003190,0.066108,0.997807,0.000000,
			0.000000,10.997345,0.803058,1.000000;;,
			43;16;
			0.999996,0.000769,-0.002635,0.000000,
			-0.000942,0.997812,-0.066104,0.000000,
			0.002579,0.066106,0.997809,0.000000,
			0.000000,10.997345,0.803058,1.000000;;,
			44;16;
			0.999998,-0.000229,-0.002132,0.000000,
			0.000087,0.997813,-0.066104,0.000000,
			0.002142,0.066104,0.997810,0.000000,
			0.000000,10.997345,0.803058,1.000000;;,
			45;16;
			0.999997,-0.001411,-0.001737,0.000000,
			0.001293,0.997805,-0.066200,0.000000,
			0.001827,0.066198,0.997805,0.000000,
			0.000000,10.997345,0.803058,1.000000;;,
			46;16;
			0.999997,-0.002204,-0.001411,0.000000,
			0.002105,0.997798,-0.066296,0.000000,
			0.001554,0.066293,0.997799,0.000000,
			0.000000,10.997345,0.803058,1.000000;;,
			47;16;
			0.999996,-0.002512,-0.001145,0.000000,
			0.002430,0.997797,-0.066296,0.000000,
			0.001309,0.066293,0.997799,0.000000,
			0.000000,10.997345,0.803058,1.000000;;,
			48;16;
			0.999996,-0.002813,-0.000974,0.000000,
