xof 0303txt 0032
Frame mixamorig_Hips {
	FrameTransformMatrix {
		1.000000,0.000000,0.000000,0.000000,
		0.000000,1.000000,0.000000,0.000000,
		0.000000,0.000000,1.000000,0.000000,
		0.000000,103.781593,0.000000,1.000000;;
	}
	Frame mixamorig_Spine {
		FrameTransformMatrix {
			1.000000,0.000000,0.000000,0.000000,
			0.000000,0.997344,0.072829,0.000000,
			0.000000,-0.072829,0.997344,0.000000,
			0.000000,10.997300,0.803100,1.000000;;
		}
		Frame mixamorig_Spine1 {
			FrameTransformMatrix {
				1.000000,0.000000,0.000000,0.000000,
				0.000000,1.000000,0.000000,0.000000,
				0.000000,0.000000,1.000000,0.000000,
				0.000000,12.864400,0.000000,1.000000;;
			}
			Frame mixamorig_Spine2 {
				FrameTransformMatrix {
					1.000000,0.000000,0.000000,0.000000,
					0.000000,1.000000,0.000000,0.000000,
					0.000000,0.000000,1.000000,0.000000,
					0.000000,14.702200,0.000000,1.000000;;
				}
				Frame mixamorig_Neck {
					FrameTransformMatrix {
						1.000000,0.000000,0.000000,0.000000,
						0.000000,0.997344,-0.072829,0.000000,
						0.000000,0.072829,0.997344,0.000000,
						0.000000,16.539900,0.000000,1.000000;;
					}
					Frame mixamorig_Head {
						FrameTransformMatrix {
							1.000000,0.000000,0.000000,0.000000,
							0.000000,1.000000,0.000000,0.000000,
							0.000000,0.000000,1.000000,0.000000,
							0.000000,6.188500,-2.321600,1.000000;;
						}
						Frame mixamorig_HeadTop_End {
							FrameTransformMatrix {
								1.000000,0.000000,0.000000,0.000000,
								0.000000,1.000000,0.000000,0.000000,
								0.000000,0.000000,1.000000,0.000000,
								0.000000,23.717800,-8.897800,1.000000;;
							}
						}
					}
				}
				Frame mixamorig_LeftShoulder {
					FrameTransformMatrix {
						-0.015673,-0.013331,0.999788,0.000000,
						0.965920,-0.258576,0.011695,0.000000,
						0.258366,0.965899,0.016930,0.000000,
						7.985300,14.403600,0.124400,1.000000;;
					}
					Frame mixamorig_LeftArm {
						FrameTransformMatrix {
							0.999899,0.013201,-0.005256,0.000000,
							-0.011496,0.969002,0.246784,0.000000,
							0.008351,-0.246698,0.969056,0.000000,
							0.000000,16.443399,0.000000,1.000000;;
						}
						Frame mixamorig_LeftForeArm {
							FrameTransformMatrix {
								0.999936,-0.001119,-0.011262,0.000000,
								0.001149,0.999996,0.002648,0.000000,
								0.011259,-0.002661,0.999933,0.000000,
								0.000000,20.702900,0.000000,1.000000;;
							}
							Frame mixamorig_LeftHand {
								FrameTransformMatrix {
									0.994193,-0.106591,0.014760,0.000000,
									0.106503,0.994290,0.006647,0.000000,
									-0.015384,-0.005036,0.999869,0.000000,
									0.000000,28.480801,0.000000,1.000000;;
								}
								Frame mixamorig_LeftHandThumb1 {
									FrameTransformMatrix {
										0.835767,0.541892,-0.088582,0.000000,
										-0.523649,0.738078,-0.425480,0.000000,
										-0.165183,0.401988,0.900622,0.000000,
										-2.770300,3.260400,-1.372000,1.000000;;
									}
									Frame mixamorig_LeftHandThumb2 {
										FrameTransformMatrix {
											0.999800,0.019976,0.000076,0.000000,
											-0.019976,0.999800,-0.000056,0.000000,
											-0.000077,0.000055,1.000000,0.000000,
											-0.105100,3.592900,0.000000,1.000000;;
										}
										Frame mixamorig_LeftHandThumb3 {
											FrameTransformMatrix {
												0.998070,0.061936,0.004396,0.000000,
												-0.061935,0.998080,-0.000161,0.000000,
												-0.004398,-0.000112,0.999990,0.000000,
												-0.033100,3.493700,0.000000,1.000000;;
											}
											Frame mixamorig_LeftHandThumb4 {
												FrameTransformMatrix {
													1.000000,0.000000,0.000000,0.000000,
													0.000000,1.000000,0.000000,0.000000,
													0.000000,0.000000,1.000000,0.000000,
													0.138200,2.622600,0.000000,1.000000;;
												}
											}
										}
									}
								}
								Frame mixamorig_LeftHandIndex1 {
									FrameTransformMatrix {
										0.990481,0.136270,0.019457,0.000000,
										-0.136544,0.990542,0.013511,0.000000,
										-0.017431,-0.016039,0.999719,0.000000,
										-3.258900,10.756500,-0.003800,1.000000;;
									}
									Frame mixamorig_LeftHandIndex2 {
										FrameTransformMatrix {
											0.998130,-0.058749,-0.016857,0.000000,
											0.058749,0.998273,-0.000515,0.000000,
											0.016858,-0.000476,0.999858,0.000000,
											0.109400,2.853100,0.000000,1.000000;;
										}
										Frame mixamorig_LeftHandIndex3 {
											FrameTransformMatrix {
												0.999999,0.001406,0.000156,0.000000,
												-0.001406,0.999999,0.000004,0.000000,
												-0.000156,-0.000004,1.000000,0.000000,
												-0.061200,2.686000,0.000000,1.000000;;
											}
											Frame mixamorig_LeftHandIndex4 {
												FrameTransformMatrix {
													1.000000,0.000000,0.000000,0.000000,
													0.000000,1.000000,0.000000,0.000000,
													0.000000,0.000000,1.000000,0.000000,
													-0.048100,2.249800,0.000000,1.000000;;
												}
											}
										}
									}
								}
								Frame mixamorig_LeftHandMiddle1 {
									FrameTransformMatrix {
										0.991817,0.127632,0.003086,0.000000,
										-0.127665,0.991690,0.015910,0.000000,
										-0.001029,-0.016173,0.999869,0.000000,
										-1.105000,11.061500,0.179000,1.000000;;
									}
									Frame mixamorig_LeftHandMiddle2 {
										FrameTransformMatrix {
											0.999133,-0.039110,-0.014297,0.000000,
											0.039109,0.999235,-0.000306,0.000000,
											0.014298,-0.000254,0.999898,0.000000,
											0.088600,3.112900,0.000000,1.000000;;
										}
										Frame mixamorig_LeftHandMiddle3 {
											FrameTransformMatrix {
												0.999975,-0.006808,-0.001688,0.000000,
												0.006808,0.999977,-0.000025,0.000000,
												0.001688,0.000014,0.999999,0.000000,
												-0.039400,3.016300,0.000000,1.000000;;
											}
											Frame mixamorig_LeftHandMiddle4 {
												FrameTransformMatrix {
													1.000000,0.000000,0.000000,0.000000,
													0.000000,1.000000,0.000000,0.000000,
													0.000000,0.000000,1.000000,0.000000,
													-0.049300,2.467900,0.000000,1.000000;;
												}
											}
										}
									}
								}
								Frame mixamorig_LeftHandRing1 {
									FrameTransformMatrix {
										0.993545,0.113440,-0.000238,0.000000,
										-0.113426,0.993448,0.013958,0.000000,
										0.001820,-0.013841,0.999903,0.000000,
										1.260900,10.768200,0.117500,1.000000;;
									}
									Frame mixamorig_LeftHandRing2 {
										FrameTransformMatrix {
											0.999892,-0.014508,-0.002504,0.000000,
											0.014508,0.999895,-0.000029,0.000000,
											0.002504,-0.000008,0.999997,0.000000,
											0.039000,2.933200,0.000000,1.000000;;
										}
										Frame mixamorig_LeftHandRing3 {
											FrameTransformMatrix {
												0.999923,-0.011496,-0.004757,0.000000,
												0.011495,0.999934,-0.000041,0.000000,
												0.004758,-0.000014,0.999989,0.000000,
												-0.003800,2.869800,0.000000,1.000000;;
											}
											Frame mixamorig_LeftHandRing4 {
												FrameTransformMatrix {
													1.000000,0.000000,0.000000,0.000000,
													0.000000,1.000000,0.000000,0.000000,
													0.000000,0.000000,1.000000,0.000000,
													-0.035200,2.582500,0.000000,1.000000;;
												}
											}
										}
									}
								}
								Frame mixamorig_LeftHandPinky1 {
									FrameTransformMatrix {
										0.994084,0.101789,-0.037894,0.000000,
										-0.102225,0.994713,-0.009757,0.000000,
										0.036701,0.013573,0.999234,0.000000,
										3.103000,9.804600,0.256500,1.000000;;
									}
									Frame mixamorig_LeftHandPinky2 {
										FrameTransformMatrix {
											0.999930,0.011615,0.002256,0.000000,
											-0.011615,0.999933,-0.000019,0.000000,
											-0.002256,-0.000007,0.999997,0.000000,
											-0.028600,2.793100,0.000000,1.000000;;
										}
										Frame mixamorig_LeftHandPinky3 {
											FrameTransformMatrix {
												0.999940,0.010384,0.003466,0.000000,
												-0.010384,0.999946,-0.000027,0.000000,
												-0.003466,-0.000009,0.999994,0.000000,
												0.003500,2.307600,0.000000,1.000000;;
											}
											Frame mixamorig_LeftHandPinky4 {
												FrameTransformMatrix {
													1.000000,0.000000,0.000000,0.000000,
													0.000000,1.000000,0.000000,0.000000,
													0.000000,0.000000,1.000000,0.000000,
													0.025100,2.027600,0.000000,1.000000;;
												}
											}
										}
									}
								}
							}
						}
					}
				}
				Frame mixamorig_RightShoulder {
					FrameTransformMatrix {
						-0.023468,0.013314,-0.999636,0.000000,
						-0.965928,-0.258094,0.019240,0.000000,
						-0.257744,0.966028,0.018917,0.000000,
						-7.985300,14.408200,0.187200,1.000000;;
					}
					Frame mixamorig_RightArm {
						FrameTransformMatrix {
							0.999762,-0.021522,0.003448,0.000000,
							0.020011,0.969027,0.246145,0.000000,
							-0.008639,-0.246017,0.969227,0.000000,
							0.000000,16.443399,0.000000,1.000000;;
						}
						Frame mixamorig_RightForeArm {
							FrameTransformMatrix {
								0.999941,0.001074,0.010810,0.000000,
								-0.001100,0.999997,0.002436,0.000000,
								-0.010808,-0.002447,0.999939,0.000000,
								0.000000,20.688000,0.000000,1.000000;;
							}
							Frame mixamorig_RightHand {
								FrameTransformMatrix {
									0.992622,0.116627,-0.033152,0.000000,
									-0.116633,0.993173,0.001785,0.000000,
									0.033133,0.002095,0.999449,0.000000,
									0.000000,28.483500,0.000000,1.000000;;
								}
								Frame mixamorig_RightHandThumb1 {
									FrameTransformMatrix {
										0.826159,-0.556997,0.084942,0.000000,
										0.538022,0.735111,-0.412485,0.000000,
										0.167310,0.386479,0.906996,0.000000,
										2.698700,3.058600,-1.299800,1.000000;;
									}
									Frame mixamorig_RightHandThumb2 {
										FrameTransformMatrix {
											0.999288,-0.037342,-0.005382,0.000000,
											0.037342,0.999303,-0.000103,0.000000,
											0.005382,-0.000098,0.999986,0.000000,
											0.078300,3.424000,0.000000,1.000000;;
										}
										Frame mixamorig_RightHandThumb3 {
											FrameTransformMatrix {
												0.999978,0.006688,-0.000216,0.000000,
												-0.006688,0.999978,-0.000005,0.000000,
												0.000216,0.000007,1.000000,0.000000,
												-0.053000,3.564600,0.000000,1.000000;;
											}
											Frame mixamorig_RightHandThumb4 {
												FrameTransformMatrix {
													1.000000,0.000000,0.000000,0.000000,
													0.000000,1.000000,0.000000,0.000000,
													0.000000,0.000000,1.000000,0.000000,
													-0.025300,3.087000,0.000000,1.000000;;
												}
											}
										}
									}
								}
								Frame mixamorig_RightHandIndex1 {
									FrameTransformMatrix {
										0.991282,-0.129030,-0.026656,0.000000,
										0.129595,0.991352,0.020660,0.000000,
										0.023759,-0.023934,0.999431,0.000000,
										3.329400,10.756900,0.008200,1.000000;;
									}
									Frame mixamorig_RightHandIndex2 {
										FrameTransformMatrix {
											0.998804,0.047194,0.012780,0.000000,
											-0.047194,0.998886,-0.000305,0.000000,
											-0.012780,-0.000298,0.999918,0.000000,
											-0.077800,2.776600,0.000000,1.000000;;
										}
										Frame mixamorig_RightHandIndex3 {
											FrameTransformMatrix {
												0.999934,-0.011503,-0.000233,0.000000,
												0.011503,0.999934,0.000013,0.000000,
												0.000233,-0.000016,1.000000,0.000000,
												0.057200,2.737700,0.000000,1.000000;;
											}
											Frame mixamorig_RightHandIndex4 {
												FrameTransformMatrix {
													1.000000,0.000000,0.000000,0.000000,
													0.000000,1.000000,0.000000,0.000000,
													0.000000,0.000000,1.000000,0.000000,
													0.020600,2.185500,0.000000,1.000000;;
												}
											}
										}
									}
								}
								Frame mixamorig_RightHandMiddle1 {
									FrameTransformMatrix {
										0.991557,-0.129359,-0.009031,0.000000,
										0.129538,0.991302,0.023230,0.000000,
										0.005947,-0.024204,0.999689,0.000000,
										1.147200,11.013400,0.263900,1.000000;;
									}
									Frame mixamorig_RightHandMiddle2 {
										FrameTransformMatrix {
											0.999365,0.034169,0.010099,0.000000,
											-0.034169,0.999416,-0.000200,0.000000,
											-0.010100,-0.000145,0.999949,0.000000,
											-0.085000,3.240000,0.000000,1.000000;;
										}
										Frame mixamorig_RightHandMiddle3 {
											FrameTransformMatrix {
												0.999909,0.012849,0.004144,0.000000,
												-0.012849,0.999917,-0.000063,0.000000,
												-0.004145,0.000010,0.999991,0.000000,
												0.027800,3.002000,0.000000,1.000000;;
											}
											Frame mixamorig_RightHandMiddle4 {
												FrameTransformMatrix {
													1.000000,0.000000,0.000000,0.000000,
													0.000000,1.000000,0.000000,0.000000,
													0.000000,0.000000,1.000000,0.000000,
													0.057300,2.538500,0.000000,1.000000;;
												}
											}
										}
									}
								}
								Frame mixamorig_RightHandRing1 {
									FrameTransformMatrix {
										0.993067,-0.117515,-0.002901,0.000000,
										0.117550,0.992825,0.021914,0.000000,
										0.000305,-0.022103,0.999756,0.000000,
										-1.318400,11.095900,0.178800,1.000000;;
									}
									Frame mixamorig_RightHandRing2 {
										FrameTransformMatrix {
											0.999865,0.016011,0.003622,0.000000,
											-0.016011,0.999872,-0.000037,0.000000,
											-0.003622,-0.000021,0.999993,0.000000,
											-0.037800,2.875200,0.000000,1.000000;;
										}
										Frame mixamorig_RightHandRing3 {
											FrameTransformMatrix {
												0.999957,0.008798,0.002955,0.000000,
												-0.008798,0.999961,-0.000024,0.000000,
												-0.002955,-0.000002,0.999996,0.000000,
												0.008600,2.694900,0.000000,1.000000;;
											}
											Frame mixamorig_RightHandRing4 {
												FrameTransformMatrix {
													1.000000,0.000000,0.000000,0.000000,
													0.000000,1.000000,0.000000,0.000000,
													0.000000,0.000000,1.000000,0.000000,
													0.029200,2.360400,0.000000,1.000000;;
												}
											}
										}
									}
								}
								Frame mixamorig_RightHandPinky1 {
									FrameTransformMatrix {
										0.994209,-0.104968,0.023041,0.000000,
										0.104765,0.994448,0.009866,0.000000,
										-0.023949,-0.007395,0.999686,0.000000,
										-3.158100,9.809900,0.152400,1.000000;;
									}
									Frame mixamorig_RightHandPinky2 {
										FrameTransformMatrix {
											0.999967,-0.007745,-0.002564,0.000000,
											0.007745,0.999970,-0.000011,0.000000,
											0.002564,-0.000009,0.999997,0.000000,
											0.016400,2.855900,0.000000,1.000000;;
										}
										Frame mixamorig_RightHandPinky3 {
											FrameTransformMatrix {
												0.999995,-0.002802,-0.001552,0.000000,
												0.002802,0.999996,-0.000006,0.000000,
												0.001552,0.000001,0.999999,0.000000,
												-0.005500,2.304300,0.000000,1.000000;;
											}
											Frame mixamorig_RightHandPinky4 {
												FrameTransformMatrix {
													1.000000,0.000000,0.000000,0.000000,
													0.000000,1.000000,0.000000,0.000000,
													0.000000,0.000000,1.000000,0.000000,
													-0.010900,1.994600,0.000000,1.000000;;
												}
											}
										}
									}
								}
							}
						}
					}
				}
			}
		}
	}
	Frame mixamorig_LeftUpLeg {
		FrameTransformMatrix {
			-0.999976,0.006869,-0.000346,0.000000,
			-0.006878,-0.998160,0.060240,0.000000,
			0.000069,0.060241,0.998184,0.000000,
			9.640700,-6.119300,-0.586600,1.000000;;
		}
		Frame mixamorig_LeftLeg {
			FrameTransformMatrix {
				0.999911,0.013371,0.000000,0.000000,
				-0.013349,0.998315,0.056466,0.000000,
				0.000755,-0.056461,0.998405,0.000000,
				0.000000,45.053299,0.000000,1.000000;;
			}
			Frame mixamorig_LeftFoot {
				FrameTransformMatrix {
					0.989354,0.057425,-0.133718,0.000000,
					-0.145113,0.458556,-0.876737,0.000000,
					0.010971,0.886808,0.462008,0.000000,
					0.000000,42.823799,0.000000,1.000000;;
				}
				Frame mixamorig_LeftToeBase {
					FrameTransformMatrix {
						0.995585,0.000000,-0.093863,0.000000,
						-0.051165,0.838369,-0.542696,0.000000,
						0.078692,0.545103,0.834668,0.000000,
						0.000000,16.588400,0.000000,1.000000;;
					}
					Frame mixamorig_LeftToe_End {
						FrameTransformMatrix {
							1.000000,0.000000,0.000000,0.000000,
							0.000000,1.000000,0.000000,0.000000,
							0.000000,0.000000,1.000000,0.000000,
							0.000000,6.714900,0.000000,1.000000;;
						}
					}
				}
			}
		}
	}
	Frame mixamorig_RightUpLeg {
		FrameTransformMatrix {
			-0.999977,-0.006831,0.000302,0.000000,
			0.006838,-0.998565,0.053106,0.000000,
			-0.000061,0.053107,0.998589,0.000000,
			-9.640700,-6.119300,-0.358900,1.000000;;
		}
		Frame mixamorig_RightLeg {
			FrameTransformMatrix {
				0.999911,-0.013365,0.000000,0.000000,
				0.013336,0.997752,0.065680,0.000000,
				-0.000878,-0.065674,0.997841,0.000000,
				0.000000,45.035599,0.000000,1.000000;;
			}
			Frame mixamorig_RightFoot {
				FrameTransformMatrix {
					0.989924,-0.057112,0.129575,0.000000,
					0.141366,0.451554,-0.880974,0.000000,
					-0.008195,0.890414,0.455077,0.000000,
					0.000000,42.834599,0.000000,1.000000;;
				}
				Frame mixamorig_RightToeBase {
					FrameTransformMatrix {
						0.994956,0.000000,0.100310,0.000000,
						0.054161,0.841704,-0.537216,0.000000,
						-0.084431,0.539939,0.837459,0.000000,
						0.000000,16.735901,0.000000,1.000000;;
					}
					Frame mixamorig_RightToe_End {
						FrameTransformMatrix {
							1.000000,0.000000,0.000000,0.000000,
							0.000000,1.000000,0.000000,0.000000,
							0.000000,0.000000,1.000000,0.000000,
							0.000000,6.713200,0.000000,1.000000;;
						}
					}
				}
			}
		}
	}
}
AnimationSet HitReaction {
	Animation {
		{mixamorig_Hips}
		AnimationKey {
			4;
			15;
			-2147483648;16;
			0.766820,0.026035,-0.641334,0.000000,
			0.125603,0.973773,0.189710,0.000000,
			0.629453,-0.226027,0.743439,0.000000,
			0.737736,99.632492,0.892479,1.000000;;,
			0;16;
			0.766820,0.026035,-0.641334,0.000000,
			0.125603,0.973773,0.189710,0.000000,
			0.629453,-0.226027,0.743439,0.000000,
			0.737736,99.632492,0.892479,1.000000;;,
			1;16;
			0.766818,0.026109,-0.641334,0.000000,
			0.125570,0.973763,0.189781,0.000000,
			0.629462,-0.226060,0.743420,0.000000,
			0.112272,99.642715,0.894973,1.000000;;,
			2;16;
			0.766787,0.026991,-0.641334,0.000000,
			0.124933,0.973734,0.190351,0.000000,
			0.629627,-0.226082,0.743275,0.000000,
			-1.114760,99.653923,2.096122,1.000000;;,
			3;16;
			0.766779,0.027212,-0.641334,0.000000,
			0.124773,0.973727,0.190494,0.000000,
			0.629668,-0.226088,0.743238,0.000000,
			-1.446904,99.317978,2.617595,1.000000;;,
			4;16;
			0.766726,0.026989,-0.641407,0.000000,
			0.124951,0.973735,0.190336,0.000000,
			0.629698,-0.226080,0.743215,0.000000,
			-1.453656,98.200966,2.726946,1.000000;;,
			5;16;
			0.766728,0.026915,-0.641407,0.000000,
			0.124984,0.973744,0.190265,0.000000,
			0.629688,-0.226047,0.743233,0.000000,
			-1.228794,98.001190,2.769338,1.000000;;,
			6;16;
			0.766728,0.026915,-0.641407,0.000000,
			0.124984,0.973744,0.190265,0.000000,
			0.629688,-0.226047,0.743233,0.000000,
			-0.856238,98.093582,2.766159,1.000000;;,
			7;16;
			0.766790,0.026918,-0.641334,0.000000,
			0.124966,0.973744,0.190280,0.000000,
			0.629617,-0.226049,0.743293,0.000000,
			-0.408254,98.382324,2.699517,1.000000;;,
			8;16;
			0.766792,0.026844,-0.641334,0.000000,
			0.124999,0.973754,0.190209,0.000000,
			0.629607,-0.226016,0.743311,0.000000,
			0.044073,98.770615,2.326689,1.000000;;,
			9;16;
			0.766805,0.026476,-0.641334,0.000000,
			0.125284,0.973759,0.189995,0.000000,
			0.629535,-0.226038,0.743366,0.000000,
			0.428360,99.159164,1.669713,1.000000;;,
			10;16;
			0.766818,0.026109,-0.641334,0.000000,
			0.125570,0.973763,0.189781,0.000000,
			0.629462,-0.226060,0.743420,0.000000,
			0.642996,99.449417,1.112022,1.000000;;,
			11;16;
			0.766820,0.026035,-0.641334,0.000000,
			0.125663,0.973751,0.189781,0.000000,
			0.629441,-0.226120,0.743420,0.000000,
			0.720042,99.565178,0.953996,1.000000;;,
			12;16;
			0.766820,0.026035,-0.641334,0.000000,
			0.125663,0.973751,0.189781,0.000000,
			0.629441,-0.226120,0.743420,0.000000,
			0.739346,99.616425,0.919192,1.000000;;,
			13;16;
			0.766820,0.026035,-0.641334,0.000000,
			0.125603,0.973773,0.189710,0.000000,
			0.629453,-0.226027,0.743439,0.000000,
			0.737736,99.632492,0.892479,1.000000;;;
		}
	}
	Animation {
		{mixamorig_Spine}
		AnimationKey {
			4;
			15;
			-2147483648;16;
			0.999991,-0.004221,-0.000116,0.000000,
			0.004204,0.997772,-0.066583,0.000000,
			0.000397,0.066582,0.997781,0.000000,
			0.000000,10.997300,0.803100,1.000000;;,
			0;16;
			0.999991,-0.004221,-0.000116,0.000000,
			0.004204,0.997772,-0.066583,0.000000,
			0.000397,0.066582,0.997781,0.000000,
			0.000000,10.997300,0.803100,1.000000;;,
			1;16;
			0.999956,-0.003142,0.008807,0.000000,
			0.003737,0.997651,-0.068395,0.000000,
			-0.008571,0.068425,0.997620,0.000000,
			0.000000,10.997300,0.803100,1.000000;;,
			2;16;
			0.999697,0.023030,-0.008701,0.000000,
			-0.023472,0.998231,-0.054634,0.000000,
			0.007427,0.054822,0.998469,0.000000,
			0.000000,10.997300,0.803100,1.000000;;,
			3;16;
			0.999116,0.032674,-0.026450,0.000000,
			-0.033750,0.998576,-0.041304,0.000000,
			0.025062,0.042160,0.998796,0.000000,
			0.000000,10.997300,0.803100,1.000000;;,
			4;16;
			0.998865,0.032059,-0.035238,0.000000,
			-0.033212,0.998915,-0.032653,0.000000,
			0.034152,0.033786,0.998845,0.000000,
			0.000000,10.997300,0.803100,1.000000;;,
			5;16;
			0.998829,0.028131,-0.039366,0.000000,
			-0.029298,0.999139,-0.029373,0.000000,
			0.038506,0.030492,0.998793,0.000000,
			0.000000,10.997300,0.803100,1.000000;;,
			6;16;
			0.999104,0.020658,-0.036934,0.000000,
			-0.021898,0.999199,-0.033489,0.000000,
			0.036213,0.034267,0.998756,0.000000,
			0.000000,10.997300,0.803100,1.000000;;,
			7;16;
			0.999549,0.008068,-0.028918,0.000000,
			-0.009247,0.999121,-0.040880,0.000000,
			0.028563,0.041129,0.998745,0.000000,
			0.000000,10.997300,0.803100,1.000000;;,
			8;16;
			0.999788,-0.004394,-0.020122,0.000000,
			0.003398,0.998781,-0.049236,0.000000,
			0.020314,0.049157,0.998584,0.000000,
			0.000000,10.997300,0.803100,1.000000;;,
			9;16;
			0.999827,-0.010309,-0.015460,0.000000,
			0.009420,0.998357,-0.056525,0.000000,
			0.016017,0.056369,0.998281,0.000000,
			0.000000,10.997300,0.803100,1.000000;;,
			10;16;
			0.999855,-0.010251,-0.013629,0.000000,
			0.009387,0.998033,-0.061982,0.000000,
			0.014238,0.061845,0.997984,0.000000,
			0.000000,10.997300,0.803100,1.000000;;,
			11;16;
			0.999933,-0.007527,-0.008816,0.000000,
			0.006941,0.997883,-0.064667,0.000000,
			0.009284,0.064601,0.997868,0.000000,
			0.000000,10.997300,0.803100,1.000000;;,
			12;16;
			0.999991,-0.004289,-0.000505,0.000000,
			0.004246,0.997791,-0.066297,0.000000,
			0.000789,0.066294,0.997800,0.000000,
			0.000000,10.997300,0.803100,1.000000;;,
			13;16;
			0.999991,-0.004221,-0.000116,0.000000,
			0.004204,0.997772,-0.066583,0.000000,
			0.000397,0.066582,0.997781,0.000000,
			0.000000,10.997300,0.803100,1.000000;;;
		}
	}
	Animation {
		{mixamorig_Spine1}
		AnimationKey {
			4;
			15;
			-2147483648;16;
			0.999913,-0.012942,0.002493,0.000000,
			0.013119,0.959158,-0.282568,0.000000,
			0.001266,0.282576,0.959244,0.000000,
			0.000000,12.864400,0.000000,1.000000;;,
			0;16;
			0.999913,-0.012942,0.002493,0.000000,
			0.013119,0.959158,-0.282568,0.000000,
			0.001266,0.282576,0.959244,0.000000,
			0.000000,12.864400,0.000000,1.000000;;,
			1;16;
			0.999244,0.037380,-0.010642,0.000000,
			-0.038865,0.962586,-0.268175,0.000000,
			0.000219,0.268386,0.963311,0.000000,
			0.000000,12.864400,0.000000,1.000000;;,
			2;16;
			0.996895,0.074689,-0.024925,0.000000,
			-0.078569,0.964313,-0.252839,0.000000,
			0.005151,0.254013,0.967187,0.000000,
			0.000000,12.864400,0.000000,1.000000;;,
			3;16;
			0.996782,0.073527,-0.031921,0.000000,
			-0.079265,0.963413,-0.256032,0.000000,
			0.011927,0.257739,0.966141,0.000000,
			0.000000,12.864400,0.000000,1.000000;;,
			4;16;
			0.997033,0.065957,-0.039681,0.000000,
			-0.074008,0.963133,-0.258646,0.000000,
			0.021159,0.260815,0.965157,0.000000,
			0.000000,12.864400,0.000000,1.000000;;,
			5;16;
			0.997582,0.053803,-0.043992,0.000000,
			-0.063558,0.962335,-0.264331,0.000000,
			0.028113,0.266488,0.963428,0.000000,
			0.000000,12.864400,0.000000,1.000000;;,
			6;16;
			0.998540,0.035245,-0.040927,0.000000,
			-0.045131,0.960734,-0.273775,0.000000,
			0.029671,0.275222,0.960923,0.000000,
			0.000000,12.864400,0.000000,1.000000;;,
			7;16;
			0.999499,0.010925,-0.029717,0.000000,
			-0.018868,0.959234,-0.281984,0.000000,
			0.025425,0.282404,0.958959,0.000000,
			0.000000,12.864400,0.000000,1.000000;;,
			8;16;
			0.999791,-0.008052,-0.018790,0.000000,
			0.002367,0.958579,-0.284817,0.000000,
			0.020305,0.284713,0.958398,0.000000,
			0.000000,12.864400,0.000000,1.000000;;,
			9;16;
			0.999753,-0.015625,-0.015819,0.000000,
			0.010477,0.958575,-0.284647,0.000000,
			0.019611,0.284411,0.958502,0.000000,
			0.000000,12.864400,0.000000,1.000000;;,
			10;16;
			0.999714,-0.016679,-0.017161,0.000000,
			0.011114,0.958679,-0.284273,0.000000,
			0.021193,0.284001,0.958590,0.000000,
			0.000000,12.864400,0.000000,1.000000;;,
			11;16;
			0.999829,-0.014667,-0.011217,0.000000,
			0.010885,0.958892,-0.283562,0.000000,
			0.014915,0.283392,0.958888,0.000000,
			0.000000,12.864400,0.000000,1.000000;;,
			12;16;
			0.999914,-0.012846,0.002493,0.000000,
			0.013027,0.959078,-0.282843,0.000000,
			0.001243,0.282852,0.959163,0.000000,
			0.000000,12.864400,0.000000,1.000000;;,
			13;16;
			0.999913,-0.012942,0.002493,0.000000,
			0.013119,0.959158,-0.282568,0.000000,
			0.001266,0.282576,0.959244,0.000000,
			0.000000,12.864400,0.000000,1.000000;;;
		}
	}
	Animation {
		{mixamorig_Spine2}
		AnimationKey {
			4;
			15;
			-2147483648;16;
			0.999915,-0.012942,0.001246,0.000000,
			0.012767,0.959162,-0.282568,0.000000,
			0.002462,0.282560,0.959246,0.000000,
			0.000000,14.702200,0.000000,1.000000;;,
			0;16;
			0.999915,-0.012942,0.001246,0.000000,
			0.012767,0.959162,-0.282568,0.000000,
			0.002462,0.282560,0.959246,0.000000,
			0.000000,14.702200,0.000000,1.000000;;,
			1;16;
			0.998821,0.047341,-0.010738,0.000000,
			-0.048488,0.962329,-0.267529,0.000000,
			-0.002332,0.267734,0.963490,0.000000,
			0.000000,14.702200,0.000000,1.000000;;,
			2;16;
			0.992638,0.119147,-0.021762,0.000000,
			-0.120761,0.959839,-0.253229,0.000000,
			-0.009284,0.253993,0.967162,0.000000,
			0.000000,14.702200,0.000000,1.000000;;,
			3;16;
			0.992943,0.111754,-0.039681,0.000000,
			-0.118244,0.958508,-0.259386,0.000000,
			0.009047,0.262248,0.964958,0.000000,
			0.000000,14.702200,0.000000,1.000000;;,
			4;16;
			0.995409,0.077649,-0.055961,0.000000,
			-0.089834,0.959696,-0.266294,0.000000,
			0.033028,0.270099,0.962266,0.000000,
			0.000000,14.702200,0.000000,1.000000;;,
			5;16;
			0.997171,0.044006,-0.060938,0.000000,
			-0.059264,0.958964,-0.277267,0.000000,
			0.046236,0.280094,0.958859,0.000000,
			0.000000,14.702200,0.000000,1.000000;;,
			6;16;
			0.998259,0.017133,-0.056440,0.000000,
			-0.032854,0.956211,-0.290829,0.000000,
			0.048985,0.292177,0.955109,0.000000,
			0.000000,14.702200,0.000000,1.000000;;,
			7;16;
			0.998985,0.000287,-0.045045,0.000000,
			-0.013841,0.953562,-0.300878,0.000000,
			0.042867,0.301196,0.952598,0.000000,
			0.000000,14.702200,0.000000,1.000000;;,
			8;16;
			0.999438,-0.003353,-0.033358,0.000000,
			-0.006898,0.953132,-0.302477,0.000000,
			0.032809,0.302537,0.952573,0.000000,
			0.000000,14.702200,0.000000,1.000000;;,
			9;16;
			0.999680,-0.004217,-0.024925,0.000000,
			-0.003391,0.954709,-0.297523,0.000000,
			0.025050,0.297512,0.954389,0.000000,
			0.000000,14.702200,0.000000,1.000000;;,
			10;16;
			0.999779,-0.011886,-0.017352,0.000000,
			0.006316,0.956598,-0.291341,0.000000,
			0.020062,0.291167,0.956462,0.000000,
			0.000000,14.702200,0.000000,1.000000;;,
			11;16;
			0.999834,-0.016009,-0.008724,0.000000,
			0.012850,0.958238,-0.285683,0.000000,
			0.012934,0.285523,0.958284,0.000000,
			0.000000,14.702200,0.000000,1.000000;;,
			12;16;
			0.999916,-0.012942,0.000959,0.000000,
			0.012685,0.959136,-0.282660,0.000000,
			0.002739,0.282649,0.959220,0.000000,
			0.000000,14.702200,0.000000,1.000000;;,
			13;16;
			0.999915,-0.012942,0.001246,0.000000,
			0.012767,0.959162,-0.282568,0.000000,
			0.002462,0.282560,0.959246,0.000000,
			0.000000,14.702200,0.000000,1.000000;;;
		}
	}
	Animation {
		{mixamorig_Neck}
		AnimationKey {
			4;
			15;
			-2147483648;16;
			0.991378,0.024925,0.128641,0.000000,
			-0.014541,0.996605,-0.081037,0.000000,
			-0.130224,0.078468,0.988375,0.000000,
			0.000000,16.539900,0.000000,1.000000;;,
			0;16;
			0.991378,0.024925,0.128641,0.000000,
			-0.014541,0.996605,-0.081037,0.000000,
			-0.130224,0.078468,0.988375,0.000000,
			0.000000,16.539900,0.000000,1.000000;;,
			1;16;
			0.983040,0.081836,0.164117,0.000000,
			-0.077355,0.996440,-0.033523,0.000000,
			-0.166276,0.020259,0.985871,0.000000,
			0.000000,16.539900,0.000000,1.000000;;,
			2;16;
			0.978730,0.039630,0.201288,0.000000,
			-0.054070,0.996303,0.066752,0.000000,
			-0.197899,-0.076215,0.977255,0.000000,
			0.000000,16.539900,0.000000,1.000000;;,
			3;16;
			0.980015,0.046907,0.193317,0.000000,
			-0.063871,0.994545,0.082473,0.000000,
			-0.188394,-0.093172,0.977664,0.000000,
			0.000000,16.539900,0.000000,1.000000;;,
			4;16;
			0.981794,0.072443,0.175592,0.000000,
			-0.085073,0.994220,0.065492,0.000000,
			-0.169833,-0.079238,0.982282,0.000000,
			0.000000,16.539900,0.000000,1.000000;;,
			5;16;
			0.983035,0.087422,0.161246,0.000000,
			-0.095188,0.994612,0.041069,0.000000,
			-0.156787,-0.055721,0.986059,0.000000,
			0.000000,16.539900,0.000000,1.000000;;,
			6;16;
			0.984541,0.084950,0.153175,0.000000,
			-0.089135,0.995805,0.020657,0.000000,
			-0.150777,-0.033991,0.987983,0.000000,
			0.000000,16.539900,0.000000,1.000000;;,
			7;16;
			0.986728,0.074366,0.144354,0.000000,
			-0.074401,0.997215,-0.005167,0.000000,
			-0.144337,-0.005642,0.989513,0.000000,
			0.000000,16.539900,0.000000,1.000000;;,
			8;16;
			0.989152,0.062710,0.132837,0.000000,
			-0.057212,0.997356,-0.044809,0.000000,
			-0.135296,0.036723,0.990124,0.000000,
			0.000000,16.539900,0.000000,1.000000;;,
			9;16;
			0.990482,0.049389,0.128475,0.000000,
			-0.038954,0.995829,-0.082503,0.000000,
			-0.132014,0.076713,0.988275,0.000000,
			0.000000,16.539900,0.000000,1.000000;;,
			10;16;
			0.990488,0.035606,0.132911,0.000000,
			-0.022309,0.994715,-0.100225,0.000000,
			-0.135777,0.096307,0.986047,0.000000,
			0.000000,16.539900,0.000000,1.000000;;,
			11;16;
			0.990650,0.027000,0.133730,0.000000,
			-0.013948,0.995129,-0.097589,0.000000,
			-0.135713,0.094811,0.986201,0.000000,
			0.000000,16.539900,0.000000,1.000000;;,
			12;16;
			0.991379,0.024830,0.128648,0.000000,
			-0.014408,0.996584,-0.081322,0.000000,
			-0.130227,0.078767,0.988350,0.000000,
			0.000000,16.539900,0.000000,1.000000;;,
			13;16;
			0.991378,0.024925,0.128641,0.000000,
			-0.014541,0.996605,-0.081037,0.000000,
			-0.130224,0.078468,0.988375,0.000000,
			0.000000,16.539900,0.000000,1.000000;;;
		}
	}
	Animation {
		{mixamorig_Head}
		AnimationKey {
			4;
			15;
			-2147483648;16;
			0.909856,0.160572,0.382595,0.000000,
			-0.191438,0.980530,0.043742,0.000000,
			-0.368122,-0.113042,0.922880,0.000000,
			0.000000,6.188500,-2.321600,1.000000;;,
			0;16;
			0.909856,0.160572,0.382595,0.000000,
			-0.191438,0.980530,0.043742,0.000000,
			-0.368122,-0.113042,0.922880,0.000000,
			0.000000,6.188500,-2.321600,1.000000;;,
			1;16;
			0.884419,-0.037161,0.465213,0.000000,
			-0.001812,0.996544,0.083048,0.000000,
			-0.466691,-0.074292,0.881295,0.000000,
			0.000000,6.188500,-2.321600,1.000000;;,
			2;16;
			0.889579,-0.084345,0.448926,0.000000,
			0.020664,0.989229,0.144910,0.000000,
			-0.456313,-0.119633,0.881741,0.000000,
			0.000000,6.188500,-2.321600,1.000000;;,
			3;16;
			0.895450,-0.087154,0.436547,0.000000,
			-0.021925,0.970823,0.238792,0.000000,
			-0.444622,-0.223398,0.867413,0.000000,
			0.000000,6.188500,-2.321600,1.000000;;,
			4;16;
			0.903823,-0.002166,0.427902,0.000000,
			-0.129175,0.951954,0.277665,0.000000,
			-0.407944,-0.306234,0.860118,0.000000,
			0.000000,6.188500,-2.321600,1.000000;;,
			5;16;
			0.898390,0.110281,0.425127,0.000000,
			-0.238481,0.935324,0.261334,0.000000,
			-0.368811,-0.336165,0.866586,0.000000,
			0.000000,6.188500,-2.321600,1.000000;;,
			6;16;
			0.902644,0.155554,0.401293,0.000000,
			-0.251646,0.947164,0.198886,0.000000,
			-0.349153,-0.280507,0.894096,0.000000,
			0.000000,6.188500,-2.321600,1.000000;;,
			7;16;
			0.923074,0.150431,0.353984,0.000000,
			-0.212955,0.966291,0.144676,0.000000,
			-0.320288,-0.208929,0.923994,0.000000,
			0.000000,6.188500,-2.321600,1.000000;;,
			8;16;
			0.939092,0.128186,0.318866,0.000000,
			-0.167809,0.980739,0.099952,0.000000,
			-0.299912,-0.147372,0.942515,0.000000,
			0.000000,6.188500,-2.321600,1.000000;;,
			9;16;
			0.938452,0.114834,0.325763,0.000000,
			-0.145608,0.986746,0.071631,0.000000,
			-0.313220,-0.114656,0.942734,0.000000,
			0.000000,6.188500,-2.321600,1.000000;;,
			10;16;
			0.924494,0.126916,0.359448,0.000000,
			-0.158218,0.985645,0.058919,0.000000,
			-0.346810,-0.111341,0.931303,0.000000,
			0.000000,6.188500,-2.321600,1.000000;;,
			11;16;
			0.911626,0.145606,0.384366,0.000000,
			-0.179921,0.982161,0.054666,0.000000,
			-0.369549,-0.118991,0.921561,0.000000,
			0.000000,6.188500,-2.321600,1.000000;;,
			12;16;
			0.909772,0.159568,0.383215,0.000000,
			-0.191881,0.980275,0.047356,0.000000,
			-0.368099,-0.116615,0.922444,0.000000,
			0.000000,6.188500,-2.321600,1.000000;;,
			13;16;
			0.909856,0.160572,0.382595,0.000000,
			-0.191438,0.980530,0.043742,0.000000,
			-0.368122,-0.113042,0.922880,0.000000,
			0.000000,6.188500,-2.321600,1.000000;;;
		}
	}
	Animation {
		{mixamorig_LeftShoulder}
		AnimationKey {
			4;
			15;
			-2147483648;16;
			0.071230,-0.608760,0.790150,0.000000,
			0.971585,-0.136916,-0.193071,0.000000,
			0.225718,0.781451,0.581709,0.000000,
			7.985300,14.403600,0.124400,1.000000;;,
			0;16;
			0.071230,-0.608760,0.790150,0.000000,
			0.971585,-0.136916,-0.193071,0.000000,
			0.225718,0.781451,0.581709,0.000000,
			7.985300,14.403600,0.124400,1.000000;;,
			1;16;
			0.060254,-0.606397,0.792876,0.000000,
			0.973428,-0.140107,-0.181130,0.000000,
			0.220924,0.782721,0.581842,0.000000,
			7.985300,14.403600,0.124400,1.000000;;,
			2;16;
			0.070458,-0.593538,0.801716,0.000000,
			0.988516,-0.066169,-0.135862,0.000000,
			0.133688,0.802081,0.582060,0.000000,
			7.985300,14.403600,0.124400,1.000000;;,
			3;16;
			0.145686,-0.574356,0.805537,0.000000,
			0.983154,0.174893,-0.053108,0.000000,
			-0.110380,0.799705,0.590160,0.000000,
			7.985300,14.403600,0.124400,1.000000;;,
			4;16;
			0.182084,-0.564926,0.804801,0.000000,
			0.966366,0.253984,-0.040356,0.000000,
			-0.181608,0.785080,0.592171,0.000000,
			7.985300,14.403600,0.124400,1.000000;;,
			5;16;
			0.195648,-0.561476,0.804032,0.000000,
			0.960771,0.274085,-0.042387,0.000000,
			-0.196574,0.780783,0.593073,0.000000,
			7.985300,14.403600,0.124400,1.000000;;,
			6;16;
			0.191101,-0.563887,0.803437,0.000000,
			0.966985,0.248733,-0.055430,0.000000,
			-0.168586,0.787504,0.592803,0.000000,
			7.985300,14.403600,0.124400,1.000000;;,
			7;16;
			0.173727,-0.570673,0.802590,0.000000,
			0.978749,0.190213,-0.076608,0.000000,
			-0.108945,0.798844,0.591591,0.000000,
			7.985300,14.403600,0.124400,1.000000;;,
			8;16;
			0.148806,-0.579937,0.800956,0.000000,
			0.988436,0.111133,-0.103170,0.000000,
			-0.029181,0.807046,0.589768,0.000000,
			7.985300,14.403600,0.124400,1.000000;;,
			9;16;
			0.121114,-0.589958,0.798299,0.000000,
			0.990952,0.024994,-0.131872,0.000000,
			0.057846,0.807047,0.587647,0.000000,
			7.985300,14.403600,0.124400,1.000000;;,
			10;16;
			0.095459,-0.599145,0.794929,0.000000,
			0.985671,-0.054676,-0.159574,0.000000,
			0.139071,0.798771,0.585341,0.000000,
			7.985300,14.403600,0.124400,1.000000;;,
			11;16;
			0.076179,-0.606243,0.791623,0.000000,
			0.976509,-0.115130,-0.182140,0.000000,
			0.201561,0.786902,0.583231,0.000000,
			7.985300,14.403600,0.124400,1.000000;;,
			12;16;
			0.067758,-0.609951,0.789537,0.000000,
			0.969991,-0.144940,-0.195217,0.000000,
			0.233508,0.779072,0.581826,0.000000,
			7.985300,14.403600,0.124400,1.000000;;,
			13;16;
			0.071230,-0.608760,0.790150,0.000000,
			0.971585,-0.136916,-0.193071,0.000000,
			0.225718,0.781451,0.581709,0.000000,
			7.985300,14.403600,0.124400,1.000000;;;
		}
	}
	Animation {
		{mixamorig_LeftArm}
		AnimationKey {
			4;
			15;
			-2147483648;16;
			0.772687,0.231339,-0.591131,0.000000,
			-0.588063,0.611525,-0.529356,0.000000,
			0.239031,0.756649,0.608560,0.000000,
			0.000000,16.443399,0.000000,1.000000;;,
			0;16;
			0.772687,0.231339,-0.591131,0.000000,
			-0.588063,0.611525,-0.529356,0.000000,
			0.239031,0.756649,0.608560,0.000000,
			0.000000,16.443399,0.000000,1.000000;;,
			1;16;
			0.855636,0.023240,-0.517057,0.000000,
			-0.430783,0.585736,-0.686541,0.000000,
			0.286904,0.810168,0.511188,0.000000,
			0.000000,16.443399,0.000000,1.000000;;,
			2;16;
			0.854838,-0.209522,-0.474713,0.000000,
			-0.334719,0.476412,-0.813016,0.000000,
			0.396504,0.853892,0.337124,0.000000,
			0.000000,16.443399,0.000000,1.000000;;,
			3;16;
			0.870408,-0.344642,-0.351583,0.000000,
			-0.218524,0.369479,-0.903179,0.000000,
			0.441176,0.862964,0.246285,0.000000,
			0.000000,16.443399,0.000000,1.000000;;,
			4;16;
			0.862536,-0.405739,-0.302337,0.000000,
			-0.141639,0.380019,-0.914070,0.000000,
			0.485768,0.831240,0.270312,0.000000,
			0.000000,16.443399,0.000000,1.000000;;,
			5;16;
			0.851450,-0.410685,-0.326145,0.000000,
			-0.144317,0.414401,-0.898579,0.000000,
			0.504188,0.812163,0.293573,0.000000,
			0.000000,16.443399,0.000000,1.000000;;,
			6;16;
			0.839660,-0.374092,-0.393733,0.000000,
			-0.198523,0.463385,-0.863633,0.000000,
			0.505529,0.803323,0.314820,0.000000,
			0.000000,16.443399,0.000000,1.000000;;,
			7;16;
			0.824422,-0.287213,-0.487685,0.000000,
			-0.300527,0.508014,-0.807221,0.000000,
			0.479595,0.812053,0.332503,0.000000,
			0.000000,16.443399,0.000000,1.000000;;,
			8;16;
			0.811622,-0.172880,-0.558017,0.000000,
			-0.399658,0.532372,-0.746226,0.000000,
			0.426080,0.828669,0.362992,0.000000,
			0.000000,16.443399,0.000000,1.000000;;,
			9;16;
			0.798833,-0.056225,-0.598919,0.000000,
			-0.473211,0.555963,-0.683357,0.000000,
			0.371399,0.829303,0.417515,0.000000,
			0.000000,16.443399,0.000000,1.000000;;,
			10;16;
			0.785417,0.049163,-0.617011,0.000000,
			-0.523083,0.585653,-0.619189,0.000000,
			0.330913,0.809070,0.485698,0.000000,
			0.000000,16.443399,0.000000,1.000000;;,
			11;16;
			0.771779,0.149078,-0.618170,0.000000,
			-0.567077,0.601211,-0.563001,0.000000,
			0.287719,0.785061,0.548540,0.000000,
			0.000000,16.443399,0.000000,1.000000;;,
			12;16;
			0.764787,0.222515,-0.604638,0.000000,
			-0.595820,0.601355,-0.532326,0.000000,
			0.245151,0.767372,0.592487,0.000000,
			0.000000,16.443399,0.000000,1.000000;;,
			13;16;
			0.772687,0.231339,-0.591131,0.000000,
			-0.588063,0.611525,-0.529356,0.000000,
			0.239031,0.756649,0.608560,0.000000,
			0.000000,16.443399,0.000000,1.000000;;;
		}
	}
	Animation {
		{mixamorig_LeftForeArm}
		AnimationKey {
			4;
			15;
			-2147483648;16;
			0.425338,0.903775,-0.047728,0.000000,
