xof 0303txt 0032
Frame Ch44 {
	FrameTransformMatrix {
		1.000000,0.000000,0.000000,0.000000,
		0.000000,1.000000,0.000000,0.000000,
		0.000000,0.000000,1.000000,0.000000,
		0.000000,0.000000,0.000000,1.000000;;
	}
}
Frame mixamorig_Hips {
	FrameTransformMatrix {
		1.000000,0.000000,0.000000,0.000000,
		0.000000,1.000000,0.000000,0.000000,
		0.000000,0.000000,1.000000,0.000000,
		0.000000,103.266609,-1.469107,1.000000;;
	}
	Frame mixamorig_Spine {
		FrameTransformMatrix {
			1.000000,0.000000,0.000000,0.000000,
			0.000000,0.997344,0.072829,0.000000,
			0.000000,-0.072829,0.997344,0.000000,
			0.000000,10.997345,0.803058,1.000000;;
		}
		Frame mixamorig_Spine1 {
			FrameTransformMatrix {
				1.000000,0.000000,0.000000,0.000000,
				0.000000,1.000000,0.000000,0.000000,
				0.000000,-0.000000,1.000000,0.000000,
				0.000000,12.864401,0.000000,1.000000;;
			}
			Frame mixamorig_Spine2 {
				FrameTransformMatrix {
					1.000000,0.000000,0.000000,0.000000,
					0.000000,1.000000,0.000000,0.000000,
					0.000000,0.000000,1.000000,0.000000,
					0.000000,14.702159,-0.000000,1.000000;;
				}
				Frame mixamorig_Neck {
					FrameTransformMatrix {
						1.000000,0.000000,0.000000,0.000000,
						0.000000,0.997344,-0.072829,0.000000,
						0.000000,0.072829,0.997344,0.000000,
						0.000000,16.539940,-0.000002,1.000000;;
					}
					Frame mixamorig_Head {
						FrameTransformMatrix {
							1.000000,0.000000,0.000000,0.000000,
							0.000000,1.000000,0.000000,0.000000,
							0.000000,0.000000,1.000000,0.000000,
							0.000000,6.188477,-2.321620,1.000000;;
						}
						Frame mixamorig_HeadTop_End {
							FrameTransformMatrix {
								1.000000,0.000000,0.000000,0.000000,
								0.000000,1.000000,0.000000,0.000000,
								0.000000,0.000000,1.000000,0.000000,
								0.000000,23.717819,-8.897791,1.000000;;
							}
						}
					}
				}
				Frame mixamorig_LeftShoulder {
					FrameTransformMatrix {
						-0.015629,0.000026,0.999878,0.000000,
						0.965663,-0.259358,0.015101,0.000000,
						0.259327,0.965781,0.004028,0.000000,
						7.985327,14.403621,0.124439,1.000000;;
					}
					Frame mixamorig_LeftArm {
						FrameTransformMatrix {
							0.997591,-0.069377,0.000000,0.000000,
							0.068756,0.988660,0.133504,0.000000,
							-0.009262,-0.133183,0.991048,0.000000,
							0.000000,16.443417,-0.000000,1.000000;;
						}
						Frame mixamorig_LeftForeArm {
							FrameTransformMatrix {
								0.973581,0.228340,0.000000,0.000000,
								-0.227190,0.968679,0.100224,0.000000,
								0.022885,-0.097576,0.994965,0.000000,
								0.000000,20.702911,-0.000000,1.000000;;
							}
							Frame mixamorig_LeftHand {
								FrameTransformMatrix {
									0.972875,0.064872,-0.222050,0.000000,
									-0.112243,0.971690,-0.207893,0.000000,
									0.202277,0.227177,0.952615,0.000000,
									-0.000000,28.480791,-0.000000,1.000000;;
								}
								Frame mixamorig_LeftHandThumb1 {
									FrameTransformMatrix {
										0.781580,0.623805,-0.000000,0.000000,
										-0.593986,0.744218,-0.305484,0.000000,
										-0.190562,0.238760,0.952197,0.000000,
										-2.770290,3.260447,-1.371969,1.000000;;
									}
									Frame mixamorig_LeftHandThumb2 {
										FrameTransformMatrix {
											1.000000,0.000000,0.000000,0.000000,
											0.000000,0.989067,-0.147469,0.000000,
											-0.000000,0.147469,0.989067,0.000000,
											-0.105061,3.592884,0.000000,1.000000;;
										}
										Frame mixamorig_LeftHandThumb3 {
											FrameTransformMatrix {
												1.000000,0.000000,-0.000000,0.000000,
												-0.000000,0.998617,-0.052569,0.000000,
												0.000000,0.052569,0.998617,0.000000,
												-0.033138,3.493665,0.000000,1.000000;;
											}
											Frame mixamorig_LeftHandThumb4 {
												FrameTransformMatrix {
													1.000000,0.000000,0.000000,0.000000,
													0.000000,1.000000,-0.000000,0.000000,
													-0.000000,0.000000,1.000000,0.000000,
													0.138198,2.622627,-0.000000,1.000000;;
												}
											}
										}
									}
								}
								Frame mixamorig_LeftHandIndex1 {
									FrameTransformMatrix {
										0.975732,0.218968,0.000000,0.000000,
										-0.218358,0.973014,-0.074591,0.000000,
										-0.016333,0.072780,0.997214,0.000000,
										-3.258903,10.756469,-0.003820,1.000000;;
									}
									Frame mixamorig_LeftHandIndex2 {
										FrameTransformMatrix {
											1.000000,0.000000,0.000000,0.000000,
											0.000000,0.949059,-0.315097,0.000000,
											0.000000,0.315097,0.949059,0.000000,
											0.109371,2.853128,-0.000000,1.000000;;
										}
										Frame mixamorig_LeftHandIndex3 {
											FrameTransformMatrix {
												1.000000,-0.000000,0.000000,0.000000,
												0.000000,0.999972,0.007531,0.000000,
												-0.000000,-0.007531,0.999972,0.000000,
												-0.061237,2.685963,-0.000000,1.000000;;
											}
											Frame mixamorig_LeftHandIndex4 {
												FrameTransformMatrix {
													1.000000,0.000000,-0.000000,0.000000,
													0.000000,1.000000,0.000000,0.000000,
													0.000000,-0.000000,1.000000,0.000000,
													-0.048135,2.249833,0.000000,1.000000;;
												}
											}
										}
									}
								}
								Frame mixamorig_LeftHandMiddle1 {
									FrameTransformMatrix {
										0.999615,-0.027734,0.000000,0.000000,
										0.027726,0.999345,-0.023271,0.000000,
										0.000645,0.023262,0.999729,0.000000,
										-1.104982,11.061543,0.178979,1.000000;;
									}
									Frame mixamorig_LeftHandMiddle2 {
										FrameTransformMatrix {
											1.000000,-0.000000,0.000000,0.000000,
											0.000000,0.908301,-0.418317,0.000000,
											-0.000000,0.418317,0.908301,0.000000,
											0.088648,3.112893,-0.000000,1.000000;;
										}
										Frame mixamorig_LeftHandMiddle3 {
											FrameTransformMatrix {
												1.000000,0.000000,0.000000,0.000000,
												0.000000,0.997395,-0.072133,0.000000,
												0.000000,0.072133,0.997395,0.000000,
												-0.039374,3.016294,0.000000,1.000000;;
											}
											Frame mixamorig_LeftHandMiddle4 {
												FrameTransformMatrix {
													1.000000,-0.000000,0.000000,0.000000,
													0.000000,1.000000,-0.000000,0.000000,
													-0.000000,0.000000,1.000000,0.000000,
													-0.049274,2.467938,-0.000000,1.000000;;
												}
											}
										}
									}
								}
								Frame mixamorig_LeftHandRing1 {
									FrameTransformMatrix {
										0.989613,-0.143755,-0.000000,0.000000,
										0.142955,0.984103,-0.105385,0.000000,
										0.015150,0.104291,0.994431,0.000000,
										1.260879,10.768150,0.117530,1.000000;;
									}
									Frame mixamorig_LeftHandRing2 {
										FrameTransformMatrix {
											1.000000,0.000000,0.000000,0.000000,
											0.000000,0.958275,-0.285846,0.000000,
											-0.000000,0.285846,0.958275,0.000000,
											0.039008,2.933240,-0.000000,1.000000;;
										}
										Frame mixamorig_LeftHandRing3 {
											FrameTransformMatrix {
												1.000000,0.000000,0.000000,0.000000,
												-0.000000,0.970306,-0.241881,0.000000,
												-0.000000,0.241881,0.970306,0.000000,
												-0.003802,2.869819,0.000000,1.000000;;
											}
											Frame mixamorig_LeftHandRing4 {
												FrameTransformMatrix {
													1.000000,-0.000000,0.000000,0.000000,
													0.000000,1.000000,0.000000,0.000000,
													-0.000000,-0.000000,1.000000,0.000000,
													-0.035205,2.582460,0.000000,1.000000;;
												}
											}
										}
									}
								}
								Frame mixamorig_LeftHandPinky1 {
									FrameTransformMatrix {
										0.923757,-0.382980,-0.000000,0.000000,
										0.371070,0.895028,-0.247451,0.000000,
										0.094769,0.228585,0.968900,0.000000,
										3.103006,9.804624,0.256461,1.000000;;
									}
									Frame mixamorig_LeftHandPinky2 {
										FrameTransformMatrix {
											1.000000,-0.000000,0.000000,0.000000,
											0.000000,0.953661,-0.300883,0.000000,
											0.000000,0.300883,0.953661,0.000000,
											-0.028648,2.793061,-0.000000,1.000000;;
										}
										Frame mixamorig_LeftHandPinky3 {
											FrameTransformMatrix {
												1.000000,-0.000000,0.000000,0.000000,
												0.000000,0.980726,-0.195386,0.000000,
												-0.000000,0.195386,0.980726,0.000000,
												0.003506,2.307577,-0.000000,1.000000;;
											}
											Frame mixamorig_LeftHandPinky4 {
												FrameTransformMatrix {
													1.000000,-0.000000,0.000000,0.000000,
													0.000000,1.000000,-0.000000,0.000000,
													-0.000000,0.000000,1.000000,0.000000,
													0.025142,2.027596,-0.000000,1.000000;;
												}
											}
										}
									}
								}
							}
						}
					}
				}
				Frame mixamorig_RightShoulder {
					FrameTransformMatrix {
						-0.023526,-0.000048,-0.999723,0.000000,
						-0.965663,-0.258801,0.022737,0.000000,
						-0.258730,0.965931,0.006042,0.000000,
						-7.985327,14.408205,0.187225,1.000000;;
					}
					Frame mixamorig_RightArm {
						FrameTransformMatrix {
							0.998693,0.051120,-0.000000,0.000000,
							-0.050671,0.989904,0.132371,0.000000,
							0.006767,-0.132198,0.991200,0.000000,
							0.000000,16.443417,-0.000000,1.000000;;
						}
						Frame mixamorig_RightForeArm {
							FrameTransformMatrix {
								0.975661,-0.219282,-0.000000,0.000000,
								0.218182,0.970764,0.100070,0.000000,
								-0.021944,-0.097635,0.994980,0.000000,
								-0.000000,20.688032,-0.000000,1.000000;;
							}
							Frame mixamorig_RightHand {
								FrameTransformMatrix {
									0.974043,-0.050031,0.220765,0.000000,
									0.097225,0.973196,-0.208415,0.000000,
									-0.204420,0.224469,0.952799,0.000000,
									-0.000000,28.483500,-0.000000,1.000000;;
								}
								Frame mixamorig_RightHandThumb1 {
									FrameTransformMatrix {
										0.765509,-0.643426,0.000000,0.000000,
										0.613035,0.729352,-0.303698,0.000000,
										0.195407,0.232484,0.952768,0.000000,
										2.698716,3.058632,-1.299813,1.000000;;
									}
									Frame mixamorig_RightHandThumb2 {
										FrameTransformMatrix {
											1.000000,-0.000000,-0.000000,0.000000,
											0.000000,0.987204,-0.159463,0.000000,
											0.000000,0.159463,0.987204,0.000000,
											0.078305,3.423988,0.000000,1.000000;;
										}
										Frame mixamorig_RightHandThumb3 {
											FrameTransformMatrix {
												1.000000,0.000000,-0.000000,0.000000,
												-0.000000,0.999012,-0.044446,0.000000,
												0.000000,0.044446,0.999012,0.000000,
												-0.053042,3.564641,-0.000000,1.000000;;
											}
											Frame mixamorig_RightHandThumb4 {
												FrameTransformMatrix {
													1.000000,-0.000000,0.000000,0.000000,
													0.000000,1.000000,-0.000000,0.000000,
													0.000000,0.000000,1.000000,0.000000,
													-0.025264,3.087018,-0.000000,1.000000;;
												}
											}
										}
									}
								}
								Frame mixamorig_RightHandIndex1 {
									FrameTransformMatrix {
										0.978087,-0.208195,0.000000,0.000000,
										0.206884,0.971927,-0.112062,0.000000,
										0.023331,0.109607,0.993701,0.000000,
										3.329366,10.756874,0.008224,1.000000;;
									}
									Frame mixamorig_RightHandIndex2 {
										FrameTransformMatrix {
											1.000000,-0.000000,0.000000,0.000000,
											0.000000,0.959553,-0.281529,0.000000,
											0.000000,0.281529,0.959553,0.000000,
											-0.077823,2.776619,0.000000,1.000000;;
										}
										Frame mixamorig_RightHandIndex3 {
											FrameTransformMatrix {
												1.000000,0.000000,0.000000,0.000000,
												-0.000000,0.997985,0.063452,0.000000,
												-0.000000,-0.063452,0.997985,0.000000,
												0.057177,2.737660,-0.000000,1.000000;;
											}
											Frame mixamorig_RightHandIndex4 {
												FrameTransformMatrix {
													1.000000,0.000000,0.000000,0.000000,
													-0.000000,1.000000,0.000000,0.000000,
													-0.000000,-0.000000,1.000000,0.000000,
													0.020645,2.185542,0.000000,1.000000;;
												}
											}
										}
									}
								}
								Frame mixamorig_RightHandMiddle1 {
									FrameTransformMatrix {
										0.999995,-0.003233,-0.000000,0.000000,
										0.003224,0.997271,-0.073758,0.000000,
										0.000238,0.073758,0.997276,0.000000,
										1.147194,11.013397,0.263927,1.000000;;
									}
									Frame mixamorig_RightHandMiddle2 {
										FrameTransformMatrix {
											1.000000,-0.000000,0.000000,0.000000,
											0.000000,0.929103,-0.369821,0.000000,
											-0.000000,0.369821,0.929103,0.000000,
											-0.085029,3.240009,0.000000,1.000000;;
										}
										Frame mixamorig_RightHandMiddle3 {
											FrameTransformMatrix {
												1.000000,0.000000,0.000000,0.000000,
												0.000000,0.989832,-0.142239,0.000000,
												0.000000,0.142239,0.989832,0.000000,
												0.027768,3.001971,0.000000,1.000000;;
											}
											Frame mixamorig_RightHandMiddle4 {
												FrameTransformMatrix {
													1.000000,-0.000000,0.000000,0.000000,
													0.000000,1.000000,-0.000000,0.000000,
													-0.000000,0.000000,1.000000,0.000000,
													0.057261,2.538451,-0.000000,1.000000;;
												}
											}
										}
									}
								}
								Frame mixamorig_RightHandRing1 {
									FrameTransformMatrix {
										0.994430,0.105395,-0.000000,0.000000,
										-0.104525,0.986228,-0.128177,0.000000,
										-0.013509,0.127463,0.991751,0.000000,
										-1.318436,11.095921,0.178815,1.000000;;
									}
									Frame mixamorig_RightHandRing2 {
										FrameTransformMatrix {
											1.000000,0.000000,0.000000,0.000000,
											0.000000,0.949020,-0.315216,0.000000,
											0.000000,0.315216,0.949020,0.000000,
											-0.037767,2.875236,-0.000000,1.000000;;
										}
										Frame mixamorig_RightHandRing3 {
											FrameTransformMatrix {
												1.000000,0.000000,-0.000000,0.000000,
												-0.000000,0.984593,-0.174859,0.000000,
												0.000000,0.174859,0.984593,0.000000,
												0.008583,2.694868,-0.000000,1.000000;;
											}
											Frame mixamorig_RightHandRing4 {
												FrameTransformMatrix {
													1.000000,-0.000000,0.000000,0.000000,
													0.000000,1.000000,0.000000,0.000000,
													-0.000000,-0.000000,1.000000,0.000000,
													0.029184,2.360416,-0.000000,1.000000;;
												}
											}
										}
									}
								}
								Frame mixamorig_RightHandPinky1 {
									FrameTransformMatrix {
										0.950507,0.310705,-0.000000,0.000000,
										-0.304759,0.932319,-0.194688,0.000000,
										-0.060490,0.185052,0.980865,0.000000,
										-3.158124,9.809884,0.152362,1.000000;;
									}
									Frame mixamorig_RightHandPinky2 {
										FrameTransformMatrix {
											1.000000,-0.000000,0.000000,0.000000,
											0.000000,0.919506,-0.393077,0.000000,
											0.000000,0.393077,0.919506,0.000000,
											0.016399,2.855931,-0.000000,1.000000;;
										}
										Frame mixamorig_RightHandPinky3 {
											FrameTransformMatrix {
												1.000000,-0.000000,0.000000,0.000000,
												0.000000,0.974769,-0.223216,0.000000,
												-0.000000,0.223216,0.974769,0.000000,
												-0.005530,2.304318,-0.000000,1.000000;;
											}
											Frame mixamorig_RightHandPinky4 {
												FrameTransformMatrix {
													1.000000,-0.000000,0.000000,0.000000,
													0.000000,1.000000,0.000000,0.000000,
													-0.000000,-0.000000,1.000000,0.000000,
													-0.010869,1.994622,-0.000000,1.000000;;
												}
											}
										}
									}
								}
							}
						}
					}
				}
			}
		}
	}
	Frame mixamorig_LeftUpLeg {
		FrameTransformMatrix {
			-0.994837,-0.101308,0.006047,0.000000,
			0.101488,-0.993069,0.059281,0.000000,
			0.000000,0.059588,0.998223,0.000000,
			9.640739,-6.119278,-0.586611,1.000000;;
		}
		Frame mixamorig_LeftLeg {
			FrameTransformMatrix {
				0.999911,0.013370,-0.000000,0.000000,
				-0.013348,0.998315,0.056467,0.000000,
				0.000755,-0.056462,0.998404,0.000000,
				0.000000,45.053291,-0.000000,1.000000;;
			}
			Frame mixamorig_LeftFoot {
				FrameTransformMatrix {
					0.976062,-0.000000,-0.217492,0.000000,
					-0.189754,0.488677,-0.851580,0.000000,
					0.106283,0.872465,0.476979,0.000000,
					0.000000,42.823772,-0.000000,1.000000;;
				}
				Frame mixamorig_LeftToeBase {
					FrameTransformMatrix {
						0.995585,0.000000,-0.093863,0.000000,
						-0.051165,0.838369,-0.542697,0.000000,
						0.078692,0.545103,0.834667,0.000000,
						0.000000,16.588381,0.000000,1.000000;;
					}
					Frame mixamorig_LeftToe_End {
						FrameTransformMatrix {
							1.000000,0.000000,-0.000000,0.000000,
							-0.000000,1.000000,-0.000000,0.000000,
							0.000000,0.000000,1.000000,0.000000,
							-0.000000,6.714916,0.000000,1.000000;;
						}
					}
				}
			}
		}
	}
	Frame mixamorig_RightUpLeg {
		FrameTransformMatrix {
			-0.994833,0.101387,-0.005333,0.000000,
			-0.101528,-0.993459,0.052260,0.000000,
			-0.000000,0.052531,0.998619,0.000000,
			-9.640739,-6.119278,-0.358860,1.000000;;
		}
		Frame mixamorig_RightLeg {
			FrameTransformMatrix {
				0.999911,-0.013365,0.000000,0.000000,
				0.013336,0.997752,0.065681,0.000000,
				-0.000878,-0.065675,0.997841,0.000000,
				-0.000000,45.035599,0.000000,1.000000;;
			}
			Frame mixamorig_RightFoot {
				FrameTransformMatrix {
					0.976864,0.000000,0.213861,0.000000,
					0.187468,0.481234,-0.856311,0.000000,
					-0.102917,0.876592,0.470100,0.000000,
					-0.000000,42.834618,-0.000000,1.000000;;
				}
				Frame mixamorig_RightToeBase {
					FrameTransformMatrix {
						0.994956,0.000000,0.100310,0.000000,
						0.054161,0.841704,-0.537215,0.000000,
						-0.084431,0.539939,0.837459,0.000000,
						-0.000000,16.735941,0.000000,1.000000;;
					}
					Frame mixamorig_RightToe_End {
						FrameTransformMatrix {
							1.000000,0.000000,0.000000,0.000000,
							-0.000000,1.000000,0.000000,0.000000,
							-0.000000,-0.000000,1.000000,0.000000,
							-0.000000,6.713154,-0.000000,1.000000;;
						}
					}
				}
			}
		}
	}
}
AnimationSet IdleReload {
	Animation {
		{mixamorig_Hips}
		AnimationKey {
			4;
			100;
			0;16;
			0.766820,0.026035,-0.641334,0.000000,
			0.125603,0.973773,0.189710,0.000000,
			0.629453,-0.226027,0.743439,0.000000,
			0.737733,99.632500,0.892480,1.000000;;,
			1;16;
			0.766930,0.026407,-0.641187,0.000000,
			0.125100,0.973832,0.189740,0.000000,
			0.629419,-0.225730,0.743558,0.000000,
			0.695918,99.637245,0.876026,1.000000;;,
			2;16;
			0.767337,0.027084,-0.640672,0.000000,
			0.124253,0.973892,0.189989,0.000000,
			0.629091,-0.225391,0.743938,0.000000,
			0.657581,99.641655,0.854084,1.000000;;,
			3;16;
			0.767836,0.028576,-0.640009,0.000000,
			0.122462,0.974036,0.190412,0.000000,
			0.628833,-0.224582,0.744400,0.000000,
			0.629769,99.644051,0.817774,1.000000;;,
			4;16;
			0.769098,0.030838,-0.638387,0.000000,
			0.119740,0.974197,0.191318,0.000000,
			0.627814,-0.223583,0.745560,0.000000,
			0.622161,99.645836,0.769842,1.000000;;,
			5;16;
			0.772655,0.033356,-0.633949,0.000000,
			0.116008,0.974384,0.192658,0.000000,
			0.624136,-0.222401,0.748994,0.000000,
			0.640637,99.643532,0.734211,1.000000;;,
			6;16;
			0.780758,0.035730,-0.623811,0.000000,
			0.110845,0.974608,0.194556,0.000000,
			0.614923,-0.221047,0.756973,0.000000,
			0.682078,99.625031,0.743981,1.000000;;,
			7;16;
			0.793660,0.037770,-0.607188,0.000000,
			0.104591,0.974739,0.197345,0.000000,
			0.599304,-0.220131,0.769660,0.000000,
			0.735142,99.585129,0.802660,1.000000;;,
			8;16;
			0.807667,0.039989,-0.588282,0.000000,
			0.098088,0.974684,0.200921,0.000000,
			0.581423,-0.219981,0.783298,0.000000,
			0.785321,99.541809,0.848474,1.000000;;,
			9;16;
			0.817109,0.043127,-0.574867,0.000000,
			0.092182,0.974592,0.204140,0.000000,
			0.569065,-0.219797,0.792373,0.000000,
			0.822659,99.532631,0.781199,1.000000;;,
			10;16;
			0.818837,0.047706,-0.572040,0.000000,
			0.087238,0.974622,0.206156,0.000000,
			0.567358,-0.218712,0.793896,0.000000,
			0.844069,99.567413,0.530105,1.000000;;,
			11;16;
			0.815161,0.053612,-0.576748,0.000000,
			0.082338,0.974871,0.206993,0.000000,
			0.573353,-0.216221,0.790263,0.000000,
			0.854334,99.591469,0.115636,1.000000;;,
			12;16;
			0.812707,0.060106,-0.579565,0.000000,
			0.076432,0.975074,0.208301,0.000000,
			0.577638,-0.213585,0.787855,0.000000,
			0.871854,99.578995,-0.313275,1.000000;;,
			13;16;
			0.816686,0.065992,-0.573297,0.000000,
			0.069734,0.974875,0.211557,0.000000,
			0.572854,-0.212754,0.791564,0.000000,
			0.894066,99.543030,-0.614276,1.000000;;,
			14;16;
			0.826389,0.070446,-0.558675,0.000000,
			0.063389,0.974199,0.216606,0.000000,
			0.559520,-0.214415,0.800602,0.000000,
			0.896664,99.500595,-0.757943,1.000000;;,
			15;16;
			0.836395,0.073076,-0.543234,0.000000,
			0.058884,0.973358,0.221599,0.000000,
			0.544955,-0.217332,0.809809,0.000000,
			0.865179,99.479584,-0.804549,1.000000;;,
			16;16;
			0.841519,0.074988,-0.534998,0.000000,
			0.056276,0.972763,0.224865,0.000000,
			0.537288,-0.219335,0.814379,0.000000,
			0.807555,99.485367,-0.844352,1.000000;;,
			17;16;
			0.841016,0.077138,-0.535484,0.000000,
			0.054918,0.972498,0.226343,0.000000,
			0.538216,-0.219766,0.813650,0.000000,
			0.737359,99.505028,-0.924162,1.000000;;,
			18;16;
			0.838318,0.079971,-0.539284,0.000000,
			0.053689,0.972265,0.227638,0.000000,
			0.542531,-0.219787,0.810774,0.000000,
			0.662741,99.526573,-1.020839,1.000000;;,
			19;16;
			0.836987,0.083489,-0.540817,0.000000,
			0.052309,0.971560,0.230942,0.000000,
			0.544717,-0.221585,0.808816,0.000000,
			0.536091,99.522453,-1.094130,1.000000;;,
			20;16;
			0.835570,0.087638,-0.542348,0.000000,
			0.051357,0.970411,0.235933,0.000000,
			0.546977,-0.224992,0.806346,0.000000,
			0.327451,99.487747,-1.158268,1.000000;;,
			21;16;
			0.833862,0.092312,-0.544199,0.000000,
			0.050350,0.969085,0.241534,0.000000,
			0.549672,-0.228806,0.803435,0.000000,
			0.083236,99.440140,-1.217657,1.000000;;,
			22;16;
			0.832076,0.097367,-0.546048,0.000000,
			0.049342,0.967575,0.247718,0.000000,
			0.552462,-0.233063,0.800292,0.000000,
			-0.188692,99.382324,-1.273453,1.000000;;,
			23;16;
			0.830227,0.102641,-0.547894,0.000000,
			0.048368,0.965929,0.254247,0.000000,
			0.555323,-0.237584,0.796976,0.000000,
			-0.480583,99.317108,-1.326895,1.000000;;,
			24;16;
			0.828445,0.107909,-0.549577,0.000000,
			0.047662,0.964121,0.261150,0.000000,
			0.558039,-0.242542,0.793578,0.000000,
			-0.784749,99.247147,-1.379221,1.000000;;,
			25;16;
			0.826857,0.113027,-0.550938,0.000000,
			0.047142,0.962222,0.268155,0.000000,
			0.560434,-0.247698,0.790291,0.000000,
			-1.093465,99.174919,-1.431659,1.000000;;,
			26;16;
			0.825542,0.117851,-0.551898,0.000000,
			0.046851,0.960264,0.275132,0.000000,
			0.562392,-0.252990,0.787217,0.000000,
			-1.399235,99.105545,-1.486197,1.000000;;,
			27;16;
			0.824723,0.122013,-0.552218,0.000000,
			0.047102,0.958237,0.282069,0.000000,
			0.563572,-0.258639,0.784534,0.000000,
			-1.694346,99.039093,-1.544127,1.000000;;,
			28;16;
			0.824398,0.125602,-0.551898,0.000000,
			0.047675,0.956194,0.288826,0.000000,
			0.563998,-0.264419,0.782297,0.000000,
			-1.970834,98.976379,-1.604885,1.000000;;,
			29;16;
			0.824740,0.128244,-0.550778,0.000000,
			0.048788,0.954180,0.295229,0.000000,
			0.563403,-0.270359,0.780694,0.000000,
			-2.221229,98.923416,-1.670629,1.000000;;,
			30;16;
			0.825897,0.129722,-0.548696,0.000000,
			0.050528,0.952228,0.301179,0.000000,
			0.561553,-0.276468,0.779887,0.000000,
			-2.437821,98.884293,-1.744179,1.000000;;,
			31;16;
			0.827930,0.129960,-0.545566,0.000000,
			0.052826,0.950385,0.306558,0.000000,
			0.558338,-0.282628,0.779987,0.000000,
			-2.613381,98.860847,-1.826222,1.000000;;,
			32;16;
			0.832629,0.126447,-0.539203,0.000000,
			0.057111,0.948794,0.310689,0.000000,
			0.550879,-0.289483,0.782772,0.000000,
			-2.683629,98.876099,-1.930357,1.000000;;,
			33;16;
			0.841643,0.123115,-0.525813,0.000000,
			0.059106,0.946817,0.316297,0.000000,
			0.536790,-0.297287,0.789605,0.000000,
			-2.689667,98.913033,-2.036958,1.000000;;,
			34;16;
			0.850399,0.124729,-0.511139,0.000000,
			0.056203,0.944400,0.323961,0.000000,
			0.523127,-0.304224,0.796107,0.000000,
			-2.648368,98.911018,-2.129069,1.000000;;,
			35;16;
			0.855974,0.130077,-0.500387,0.000000,
			0.050317,0.942281,0.331021,0.000000,
			0.514564,-0.308524,0.800023,0.000000,
			-2.524127,98.855263,-2.218629,1.000000;;,
			36;16;
			0.857282,0.136589,-0.496398,0.000000,
			0.044296,0.941022,0.335432,0.000000,
			0.512938,-0.309549,0.800671,0.000000,
			-2.333678,98.797493,-2.312632,1.000000;;,
			37;16;
			0.854921,0.142187,-0.498893,0.000000,
			0.040477,0.940488,0.337407,0.000000,
			0.517177,-0.308650,0.798288,0.000000,
			-2.114407,98.771660,-2.430549,1.000000;;,
			38;16;
			0.850963,0.145976,-0.504532,0.000000,
			0.039419,0.940142,0.338495,0.000000,
			0.523744,-0.307935,0.794272,0.000000,
			-1.896665,98.787483,-2.570693,1.000000;;,
			39;16;
			0.847511,0.147392,-0.509903,0.000000,
			0.040497,0.939914,0.339000,0.000000,
			0.529231,-0.307956,0.790619,0.000000,
			-1.695932,98.835701,-2.709602,1.000000;;,
			40;16;
			0.844608,0.146303,-0.515007,0.000000,
			0.042393,0.940642,0.336742,0.000000,
			0.533704,-0.306248,0.788272,0.000000,
			-1.514928,98.905052,-2.835478,1.000000;;,
			41;16;
			0.840720,0.143389,-0.522139,0.000000,
			0.044331,0.942834,0.330300,0.000000,
			0.539652,-0.300837,0.786303,0.000000,
			-1.172563,99.143761,-3.023365,1.000000;;,
			42;16;
			0.834931,0.140343,-0.532160,0.000000,
			0.045845,0.945843,0.321370,0.000000,
			0.548442,-0.292719,0.783280,0.000000,
			-0.863605,99.333748,-3.260414,1.000000;;,
			43;16;
			0.828243,0.137831,-0.543153,0.000000,
			0.047275,0.948636,0.312817,0.000000,
			0.558371,-0.284766,0.779186,0.000000,
			-0.603970,99.485519,-3.525505,1.000000;;,
			44;16;
			0.823251,0.135217,-0.551338,0.000000,
			0.048762,0.950785,0.305992,0.000000,
			0.565579,-0.278792,0.776141,0.000000,
			-0.413866,99.640060,-3.769327,1.000000;;,
			45;16;
			0.821972,0.131852,-0.554055,0.000000,
			0.050146,0.952298,0.301020,0.000000,
			0.567316,-0.275214,0.776151,0.000000,
			-0.376994,99.735840,-3.888287,1.000000;;,
			46;16;
			0.823529,0.128460,-0.552537,0.000000,
			0.050896,0.953362,0.297506,0.000000,
			0.564986,-0.273127,0.778584,0.000000,
			-0.469007,99.774040,-3.869847,1.000000;;,
			47;16;
			0.825374,0.126560,-0.550218,0.000000,
			0.050713,0.953993,0.295509,0.000000,
			0.562304,-0.271809,0.780983,0.000000,
			-0.633983,99.786606,-3.816466,1.000000;;,
			48;16;
			0.827262,0.127093,-0.547252,0.000000,
			0.049830,0.953639,0.296799,0.000000,
			0.559602,-0.272800,0.782576,0.000000,
			-0.854145,99.757812,-3.721311,1.000000;;,
			49;16;
			0.831664,0.129321,-0.540010,0.000000,
			0.048685,0.951775,0.302909,0.000000,
			0.553141,-0.278209,0.785261,0.000000,
			-1.098662,99.694664,-3.557716,1.000000;;,
			50;16;
			0.841059,0.131029,-0.524835,0.000000,
			0.047821,0.948412,0.313413,0.000000,
			0.538826,-0.288697,0.791404,0.000000,
			-1.365295,99.628639,-3.345581,1.000000;;,
			51;16;
			0.855900,0.130569,-0.500387,0.000000,
			0.046467,0.944270,0.325875,0.000000,
			0.515050,-0.302168,0.802133,0.000000,
			-1.648541,99.561440,-3.094917,1.000000;;,
			52;16;
			0.875018,0.127825,-0.466909,0.000000,
			0.043441,0.939883,0.338722,0.000000,
			0.482137,-0.316671,0.816862,0.000000,
			-1.939272,99.481918,-2.804318,1.000000;;,
			53;16;
			0.896512,0.124038,-0.425300,0.000000,
			0.037438,0.935359,0.351712,0.000000,
			0.441434,-0.331237,0.833917,0.000000,
			-2.221429,99.386368,-2.457526,1.000000;;,
			54;16;
			0.918048,0.120207,-0.377806,0.000000,
			0.028341,0.930594,0.364954,0.000000,
			0.395454,-0.345753,0.850923,0.000000,
			-2.458533,99.255669,-2.028181,1.000000;;,
			55;16;
			0.937206,0.117236,-0.328482,0.000000,
			0.016506,0.925849,0.377532,0.000000,
			0.348385,-0.359248,0.865777,0.000000,
			-2.613779,99.105530,-1.513169,1.000000;;,
			56;16;
			0.952288,0.115785,-0.282385,0.000000,
			0.003020,0.921623,0.388076,0.000000,
			0.305186,-0.370413,0.877300,0.000000,
			-2.661035,98.944420,-0.917044,1.000000;;,
			57;16;
			0.962577,0.116381,-0.244747,0.000000,
			-0.010595,0.918566,0.395125,0.000000,
			0.270801,-0.377745,0.885424,0.000000,
			-2.595036,98.787354,-0.241795,1.000000;;,
			58;16;
			0.968877,0.118180,-0.217511,0.000000,
			-0.022486,0.917065,0.398104,0.000000,
			0.246519,-0.380823,0.891180,0.000000,
			-2.433424,98.637024,0.476731,1.000000;;,
			59;16;
			0.972804,0.119416,-0.198474,0.000000,
			-0.031578,0.917235,0.397094,0.000000,
			0.229467,-0.380027,0.896061,0.000000,
			-2.215024,98.497131,1.195586,1.000000;;,
			60;16;
			0.976260,0.119175,-0.180872,0.000000,
			-0.039288,0.918611,0.393206,0.000000,
			0.213011,-0.376765,0.901485,0.000000,
			-2.002489,98.342850,1.853873,1.000000;;,
			61;16;
			0.980124,0.117168,-0.160089,0.000000,
			-0.046636,0.920425,0.388128,0.000000,
			0.192826,-0.372947,0.907595,0.000000,
			-1.856136,98.195312,2.389979,1.000000;;,
			62;16;
			0.982984,0.114070,-0.143980,0.000000,
			-0.050920,0.922313,0.383074,0.000000,
			0.176492,-0.369225,0.912427,0.000000,
			-1.793123,98.083252,2.762670,1.000000;;,
			63;16;
			0.982270,0.110076,-0.151755,0.000000,
			-0.045298,0.924844,0.377638,0.000000,
			0.181919,-0.364069,0.913433,0.000000,
			-1.761089,98.016998,2.956601,1.000000;;,
			64;16;
			0.975339,0.105324,-0.193962,0.000000,
			-0.026570,0.928435,0.370544,0.000000,
			0.219108,-0.356253,0.908337,0.000000,
			-1.869550,98.226425,2.544218,1.000000;;,
			65;16;
			0.960954,0.101162,-0.257553,0.000000,
			-0.001172,0.932255,0.361799,0.000000,
			0.276706,-0.347370,0.895973,0.000000,
			-1.846657,98.448380,2.010792,1.000000;;,
			66;16;
			0.941297,0.097998,-0.323043,0.000000,
			0.023031,0.936065,0.351072,0.000000,
			0.336793,-0.337903,0.878858,0.000000,
			-1.736175,98.674835,1.444862,1.000000;;,
			67;16;
			0.918876,0.094595,-0.383038,0.000000,
			0.043766,0.940403,0.337234,0.000000,
			0.392110,-0.326641,0.859974,0.000000,
			-1.568078,98.911133,0.908821,1.000000;;,
			68;16;
			0.893415,0.088945,-0.440339,0.000000,
			0.063094,0.945644,0.319025,0.000000,
			0.444779,-0.312805,0.839240,0.000000,
			-1.346483,99.161591,0.426506,1.000000;;,
			69;16;
			0.867103,0.082130,-0.491312,0.000000,
			0.079960,0.950576,0.300020,0.000000,
			0.491670,-0.299433,0.817680,0.000000,
			-1.082354,99.415390,0.031713,1.000000;;,
			70;16;
			0.840298,0.074798,-0.536940,0.000000,
			0.094702,0.954955,0.281235,0.000000,
			0.533789,-0.287171,0.795363,0.000000,
			-0.758619,99.654465,-0.281301,1.000000;;,
			71;16;
			0.813215,0.067125,-0.578079,0.000000,
			0.107656,0.958830,0.262782,0.000000,
			0.571919,-0.275932,0.772509,0.000000,
			-0.351089,99.858994,-0.544442,1.000000;;,
			72;16;
			0.784322,0.058687,-0.617572,0.000000,
			0.119764,0.962462,0.243563,0.000000,
			0.608684,-0.264994,0.747852,0.000000,
			0.158269,100.033424,-0.799870,1.000000;;,
			73;16;
			0.755980,0.050229,-0.652665,0.000000,
			0.130155,0.965610,0.225072,0.000000,
			0.641524,-0.255097,0.723444,0.000000,
			0.461518,100.028572,-0.890630,1.000000;;,
			74;16;
			0.731109,0.042244,-0.680952,0.000000,
			0.138364,0.968160,0.208616,0.000000,
			0.668084,-0.246740,0.701985,0.000000,
			0.770405,100.059235,-0.995193,1.000000;;,
			75;16;
			0.716887,0.036252,-0.696246,0.000000,
			0.143203,0.969697,0.197939,0.000000,
			0.682324,-0.241604,0.689972,0.000000,
			1.053542,100.111168,-1.067673,1.000000;;,
			76;16;
			0.710184,0.031750,-0.703300,0.000000,
			0.145867,0.970669,0.191115,0.000000,
			0.688740,-0.238314,0.684722,0.000000,
			1.280835,100.158463,-1.095317,1.000000;;,
			77;16;
			0.706896,0.027869,-0.706768,0.000000,
			0.147739,0.971366,0.186069,0.000000,
			0.691716,-0.235949,0.682538,0.000000,
			1.430549,100.181526,-1.076340,1.000000;;,
			78;16;
			0.704657,0.024128,-0.709138,0.000000,
			0.149335,0.971993,0.181462,0.000000,
			0.693655,-0.233768,0.681319,0.000000,
			1.517181,100.180779,-1.022056,1.000000;;,
			79;16;
			0.703887,0.020521,-0.710016,0.000000,
			0.150574,0.972555,0.177383,0.000000,
			0.694169,-0.231767,0.681478,0.000000,
			1.577463,100.162743,-0.955266,1.000000;;,
			80;16;
			0.705747,0.017054,-0.708258,0.000000,
			0.151397,0.972986,0.174289,0.000000,
			0.692098,-0.230232,0.684101,0.000000,
			1.630347,100.138168,-0.901578,1.000000;;,
			81;16;
			0.707499,0.014586,-0.706564,0.000000,
			0.151982,0.973254,0.172274,0.000000,
			0.690179,-0.229268,0.686359,0.000000,
			1.664905,100.112999,-0.871226,1.000000;;,
			82;16;
			0.710988,0.012339,-0.703096,0.000000,
			0.152533,0.973335,0.171327,0.000000,
			0.686462,-0.229056,0.690147,0.000000,
			1.661691,100.083855,-0.852318,1.000000;;,
			83;16;
			0.717454,0.010869,-0.696521,0.000000,
			0.151922,0.973369,0.171677,0.000000,
			0.679838,-0.228987,0.696696,0.000000,
			1.626089,100.050125,-0.823509,1.000000;;,
			84;16;
			0.725944,0.011137,-0.687663,0.000000,
			0.149423,0.973431,0.173506,0.000000,
			0.671325,-0.228708,0.704993,0.000000,
			1.583041,100.019783,-0.780460,1.000000;;,
			85;16;
			0.734423,0.013309,-0.678561,0.000000,
			0.145050,0.973629,0.176088,0.000000,
			0.663011,-0.227748,0.713125,0.000000,
			1.549152,99.994858,-0.732001,1.000000;;,
			86;16;
			0.741221,0.016347,-0.671062,0.000000,
			0.140242,0.973871,0.178629,0.000000,
			0.656447,-0.226515,0.719561,0.000000,
			1.524412,99.969940,-0.676169,1.000000;;,
			87;16;
			0.745706,0.019165,-0.665999,0.000000,
			0.136225,0.974085,0.180558,0.000000,
			0.652200,-0.225369,0.723770,0.000000,
			1.503507,99.944489,-0.602201,1.000000;;,
			88;16;
			0.748202,0.021167,-0.663134,0.000000,
			0.133632,0.974200,0.181871,0.000000,
			0.649874,-0.224692,0.726069,0.000000,
			1.482427,99.922897,-0.508216,1.000000;;,
			89;16;
			0.749182,0.022417,-0.661985,0.000000,
			0.132139,0.974279,0.182536,0.000000,
			0.649050,-0.224227,0.726950,0.000000,
			1.457959,99.903519,-0.396895,1.000000;;,
			90;16;
			0.749611,0.022933,-0.661482,0.000000,
			0.131611,0.974278,0.182923,0.000000,
			0.648662,-0.224180,0.727311,0.000000,
			1.426310,99.879417,-0.261294,1.000000;;,
			91;16;
			0.750565,0.022818,-0.660402,0.000000,
			0.131659,0.974202,0.183295,0.000000,
			0.647548,-0.224522,0.728198,0.000000,
			1.384127,99.849464,-0.090895,1.000000;;,
			92;16;
			0.752978,0.022458,-0.657662,0.000000,
			0.131798,0.974020,0.184161,0.000000,
			0.644712,-0.225348,0.730455,0.000000,
			1.331489,99.819283,0.107921,1.000000;;,
			93;16;
			0.756509,0.022128,-0.653608,0.000000,
			0.131552,0.973850,0.185232,0.000000,
			0.640615,-0.226114,0.733815,0.000000,
			1.268620,99.786308,0.313139,1.000000;;,
			94;16;
			0.760137,0.022015,-0.649390,0.000000,
			0.130800,0.973782,0.186119,0.000000,
			0.636461,-0.226416,0.737328,0.000000,
			1.190616,99.754089,0.500440,1.000000;;,
			95;16;
			0.762869,0.022094,-0.646176,0.000000,
			0.129832,0.973824,0.186575,0.000000,
			0.633384,-0.226226,0.740031,0.000000,
			1.098615,99.725777,0.654007,1.000000;;,
			96;16;
			0.764589,0.022511,-0.644125,0.000000,
			0.128803,0.973893,0.186927,0.000000,
			0.631517,-0.225888,0.741728,0.000000,
			1.003700,99.699463,0.764540,1.000000;;,
			97;16;
			0.765547,0.023494,-0.642951,0.000000,
			0.127786,0.973871,0.187738,0.000000,
			0.630562,-0.225883,0.742542,0.000000,
			0.914065,99.674042,0.832389,1.000000;;,
			98;16;
			0.766303,0.024915,-0.641996,0.000000,
			0.126563,0.973814,0.188861,0.000000,
			0.629890,-0.225978,0.743083,0.000000,
			0.827074,99.650932,0.870555,1.000000;;,
			99;16;
			0.766820,0.026035,-0.641334,0.000000,
			0.125603,0.973773,0.189710,0.000000,
			0.629453,-0.226027,0.743439,0.000000,
			0.737475,99.632500,0.892480,1.000000;;;
		}
	}
	Animation {
		{mixamorig_Spine}
		AnimationKey {
			4;
			100;
			0;16;
			0.999991,-0.004221,-0.000116,0.000000,
			0.004204,0.997772,-0.066583,0.000000,
			0.000397,0.066582,0.997781,0.000000,
			0.000000,10.997345,0.803058,1.000000;;,
			1;16;
			0.999991,-0.004200,-0.000403,0.000000,
			0.004164,0.997785,-0.066392,0.000000,
			0.000681,0.066390,0.997793,0.000000,
			0.000000,10.997345,0.803058,1.000000;;,
			2;16;
			0.999992,-0.003886,-0.000764,0.000000,
			0.003827,0.997805,-0.066105,0.000000,
			0.001019,0.066102,0.997812,0.000000,
			0.000000,10.997345,0.803058,1.000000;;,
			3;16;
			0.999994,-0.003372,-0.001207,0.000000,
			0.003285,0.997820,-0.065914,0.000000,
			0.001427,0.065909,0.997825,0.000000,
			0.000000,10.997345,0.803058,1.000000;;,
			4;16;
			0.999996,-0.002498,-0.001336,0.000000,
			0.002405,0.997829,-0.065818,0.000000,
			0.001497,0.065814,0.997831,0.000000,
			0.000000,10.997345,0.803058,1.000000;;,
			5;16;
			0.999999,-0.001276,-0.000958,0.000000,
			0.001210,0.997850,-0.065530,0.000000,
			0.001040,0.065529,0.997850,0.000000,
			0.000000,10.997345,0.803058,1.000000;;,
			6;16;
			1.000000,0.000499,-0.000252,0.000000,
			-0.000514,0.997882,-0.065052,0.000000,
			0.000219,0.065052,0.997882,0.000000,
			0.000000,10.997345,0.803058,1.000000;;,
			7;16;
			0.999994,0.003449,0.000156,0.000000,
			-0.003432,0.997901,-0.064670,0.000000,
			-0.000378,0.064669,0.997907,0.000000,
			0.000000,10.997345,0.803058,1.000000;;,
			8;16;
			0.999971,0.007603,-0.000118,0.000000,
			-0.007595,0.997909,-0.064193,0.000000,
			-0.000370,0.064192,0.997937,0.000000,
			0.000000,10.997345,0.803058,1.000000;;,
			9;16;
			0.999927,0.012118,-0.000077,0.000000,
			-0.012098,0.997925,-0.063240,0.000000,
			-0.000690,0.063236,0.997998,0.000000,
			0.000000,10.997345,0.803058,1.000000;;,
			10;16;
			0.999864,0.016453,0.001105,0.000000,
			-0.016353,0.997960,-0.061713,0.000000,
			-0.002118,0.061687,0.998093,0.000000,
			0.000000,10.997345,0.803058,1.000000;;,
			11;16;
			0.999794,0.020056,0.003098,0.000000,
			-0.019832,0.997973,-0.060473,0.000000,
			-0.004304,0.060400,0.998165,0.000000,
			0.000000,10.997345,0.803058,1.000000;;,
			12;16;
			0.999732,0.022469,0.005581,0.000000,
			-0.022097,0.997983,-0.059519,0.000000,
			-0.006908,0.059380,0.998212,0.000000,
			0.000000,10.997345,0.803058,1.000000;;,
			13;16;
			0.999682,0.024057,0.007524,0.000000,
			-0.023572,0.997977,-0.059042,0.000000,
			-0.008929,0.058846,0.998227,0.000000,
			0.000000,10.997345,0.803058,1.000000;;,
			14;16;
			0.999650,0.025416,0.007335,0.000000,
			-0.024936,0.997921,-0.059427,0.000000,
			-0.008830,0.059224,0.998206,0.000000,
			0.000000,10.997345,0.803058,1.000000;;,
			15;16;
			0.999604,0.027708,0.004906,0.000000,
			-0.027363,0.997811,-0.060199,0.000000,
			-0.006563,0.060041,0.998174,0.000000,
			0.000000,10.997345,0.803058,1.000000;;,
			16;16;
			0.999535,0.030437,0.001741,0.000000,
			-0.030275,0.997698,-0.060684,0.000000,
			-0.003584,0.060603,0.998155,0.000000,
			0.000000,10.997345,0.803058,1.000000;;,
			17;16;
			0.999472,0.032488,-0.000032,0.000000,
			-0.032430,0.997630,-0.060689,0.000000,
			-0.001940,0.060658,0.998157,0.000000,
			0.000000,10.997345,0.803058,1.000000;;,
			18;16;
			0.999442,0.033409,0.000516,0.000000,
			-0.033317,0.997612,-0.060500,0.000000,
			-0.002536,0.060449,0.998168,0.000000,
			0.000000,10.997345,0.803058,1.000000;;,
			19;16;
			0.999453,0.032976,0.002503,0.000000,
			-0.032766,0.997653,-0.060116,0.000000,
			-0.004479,0.060001,0.998188,0.000000,
			0.000000,10.997345,0.803058,1.000000;;,
			20;16;
			0.999509,0.030985,0.004761,0.000000,
			-0.030650,0.997778,-0.059153,0.000000,
			-0.006583,0.058978,0.998238,0.000000,
			0.000000,10.997345,0.803058,1.000000;;,
			21;16;
			0.999579,0.028120,0.007147,0.000000,
			-0.027659,0.997928,-0.058093,0.000000,
