xof 0303txt 0032
Frame Ch44 {
	FrameTransformMatrix {
		1.000000,0.000000,0.000000,0.000000,
		0.000000,1.000000,0.000000,0.000000,
		0.000000,0.000000,1.000000,0.000000,
		0.000000,0.000000,0.000000,1.000000;;
	}
}
Frame mixamorig_Hips {
	FrameTransformMatrix {
		1.000000,0.000000,0.000000,0.000000,
		0.000000,1.000000,0.000000,0.000000,
		0.000000,0.000000,1.000000,0.000000,
		0.000000,103.266609,-1.469107,1.000000;;
	}
	Frame mixamorig_Spine {
		FrameTransformMatrix {
			1.000000,0.000000,0.000000,0.000000,
			0.000000,0.997344,0.072829,0.000000,
			0.000000,-0.072829,0.997344,0.000000,
			0.000000,10.997345,0.803058,1.000000;;
		}
		Frame mixamorig_Spine1 {
			FrameTransformMatrix {
				1.000000,0.000000,0.000000,0.000000,
				0.000000,1.000000,0.000000,0.000000,
				0.000000,-0.000000,1.000000,0.000000,
				0.000000,12.864401,0.000000,1.000000;;
			}
			Frame mixamorig_Spine2 {
				FrameTransformMatrix {
					1.000000,0.000000,0.000000,0.000000,
					0.000000,1.000000,0.000000,0.000000,
					0.000000,0.000000,1.000000,0.000000,
					0.000000,14.702159,-0.000000,1.000000;;
				}
				Frame mixamorig_Neck {
					FrameTransformMatrix {
						1.000000,0.000000,0.000000,0.000000,
						0.000000,0.997344,-0.072829,0.000000,
						0.000000,0.072829,0.997344,0.000000,
						0.000000,16.539940,-0.000002,1.000000;;
					}
					Frame mixamorig_Head {
						FrameTransformMatrix {
							1.000000,0.000000,0.000000,0.000000,
							0.000000,1.000000,0.000000,0.000000,
							0.000000,0.000000,1.000000,0.000000,
							0.000000,6.188477,-2.321620,1.000000;;
						}
						Frame mixamorig_HeadTop_End {
							FrameTransformMatrix {
								1.000000,0.000000,0.000000,0.000000,
								0.000000,1.000000,0.000000,0.000000,
								0.000000,0.000000,1.000000,0.000000,
								0.000000,23.717819,-8.897791,1.000000;;
							}
						}
					}
				}
				Frame mixamorig_LeftShoulder {
					FrameTransformMatrix {
						-0.015629,0.000026,0.999878,0.000000,
						0.965663,-0.259358,0.015101,0.000000,
						0.259327,0.965781,0.004028,0.000000,
						7.985327,14.403621,0.124439,1.000000;;
					}
					Frame mixamorig_LeftArm {
						FrameTransformMatrix {
							0.997591,-0.069377,0.000000,0.000000,
							0.068756,0.988660,0.133504,0.000000,
							-0.009262,-0.133183,0.991048,0.000000,
							0.000000,16.443417,-0.000000,1.000000;;
						}
						Frame mixamorig_LeftForeArm {
							FrameTransformMatrix {
								0.973581,0.228340,0.000000,0.000000,
								-0.227190,0.968679,0.100224,0.000000,
								0.022885,-0.097576,0.994965,0.000000,
								0.000000,20.702911,-0.000000,1.000000;;
							}
							Frame mixamorig_LeftHand {
								FrameTransformMatrix {
									0.972875,0.064872,-0.222050,0.000000,
									-0.112243,0.971690,-0.207893,0.000000,
									0.202277,0.227177,0.952615,0.000000,
									-0.000000,28.480791,-0.000000,1.000000;;
								}
								Frame mixamorig_LeftHandThumb1 {
									FrameTransformMatrix {
										0.781580,0.623805,-0.000000,0.000000,
										-0.593986,0.744218,-0.305484,0.000000,
										-0.190562,0.238760,0.952197,0.000000,
										-2.770290,3.260447,-1.371969,1.000000;;
									}
									Frame mixamorig_LeftHandThumb2 {
										FrameTransformMatrix {
											1.000000,0.000000,0.000000,0.000000,
											0.000000,0.989067,-0.147469,0.000000,
											-0.000000,0.147469,0.989067,0.000000,
											-0.105061,3.592884,0.000000,1.000000;;
										}
										Frame mixamorig_LeftHandThumb3 {
											FrameTransformMatrix {
												1.000000,0.000000,-0.000000,0.000000,
												-0.000000,0.998617,-0.052569,0.000000,
												0.000000,0.052569,0.998617,0.000000,
												-0.033138,3.493665,0.000000,1.000000;;
											}
											Frame mixamorig_LeftHandThumb4 {
												FrameTransformMatrix {
													1.000000,0.000000,0.000000,0.000000,
													0.000000,1.000000,-0.000000,0.000000,
													-0.000000,0.000000,1.000000,0.000000,
													0.138198,2.622627,-0.000000,1.000000;;
												}
											}
										}
									}
								}
								Frame mixamorig_LeftHandIndex1 {
									FrameTransformMatrix {
										0.975732,0.218968,0.000000,0.000000,
										-0.218358,0.973014,-0.074591,0.000000,
										-0.016333,0.072780,0.997214,0.000000,
										-3.258903,10.756469,-0.003820,1.000000;;
									}
									Frame mixamorig_LeftHandIndex2 {
										FrameTransformMatrix {
											1.000000,0.000000,0.000000,0.000000,
											0.000000,0.949059,-0.315097,0.000000,
											0.000000,0.315097,0.949059,0.000000,
											0.109371,2.853128,-0.000000,1.000000;;
										}
										Frame mixamorig_LeftHandIndex3 {
											FrameTransformMatrix {
												1.000000,-0.000000,0.000000,0.000000,
												0.000000,0.999972,0.007531,0.000000,
												-0.000000,-0.007531,0.999972,0.000000,
												-0.061237,2.685963,-0.000000,1.000000;;
											}
											Frame mixamorig_LeftHandIndex4 {
												FrameTransformMatrix {
													1.000000,0.000000,-0.000000,0.000000,
													0.000000,1.000000,0.000000,0.000000,
													0.000000,-0.000000,1.000000,0.000000,
													-0.048135,2.249833,0.000000,1.000000;;
												}
											}
										}
									}
								}
								Frame mixamorig_LeftHandMiddle1 {
									FrameTransformMatrix {
										0.999615,-0.027734,0.000000,0.000000,
										0.027726,0.999345,-0.023271,0.000000,
										0.000645,0.023262,0.999729,0.000000,
										-1.104982,11.061543,0.178979,1.000000;;
									}
									Frame mixamorig_LeftHandMiddle2 {
										FrameTransformMatrix {
											1.000000,-0.000000,0.000000,0.000000,
											0.000000,0.908301,-0.418317,0.000000,
											-0.000000,0.418317,0.908301,0.000000,
											0.088648,3.112893,-0.000000,1.000000;;
										}
										Frame mixamorig_LeftHandMiddle3 {
											FrameTransformMatrix {
												1.000000,0.000000,0.000000,0.000000,
												0.000000,0.997395,-0.072133,0.000000,
												0.000000,0.072133,0.997395,0.000000,
												-0.039374,3.016294,0.000000,1.000000;;
											}
											Frame mixamorig_LeftHandMiddle4 {
												FrameTransformMatrix {
													1.000000,-0.000000,0.000000,0.000000,
													0.000000,1.000000,-0.000000,0.000000,
													-0.000000,0.000000,1.000000,0.000000,
													-0.049274,2.467938,-0.000000,1.000000;;
												}
											}
										}
									}
								}
								Frame mixamorig_LeftHandRing1 {
									FrameTransformMatrix {
										0.989613,-0.143755,-0.000000,0.000000,
										0.142955,0.984103,-0.105385,0.000000,
										0.015150,0.104291,0.994431,0.000000,
										1.260879,10.768150,0.117530,1.000000;;
									}
									Frame mixamorig_LeftHandRing2 {
										FrameTransformMatrix {
											1.000000,0.000000,0.000000,0.000000,
											0.000000,0.958275,-0.285846,0.000000,
											-0.000000,0.285846,0.958275,0.000000,
											0.039008,2.933240,-0.000000,1.000000;;
										}
										Frame mixamorig_LeftHandRing3 {
											FrameTransformMatrix {
												1.000000,0.000000,0.000000,0.000000,
												-0.000000,0.970306,-0.241881,0.000000,
												-0.000000,0.241881,0.970306,0.000000,
												-0.003802,2.869819,0.000000,1.000000;;
											}
											Frame mixamorig_LeftHandRing4 {
												FrameTransformMatrix {
													1.000000,-0.000000,0.000000,0.000000,
													0.000000,1.000000,0.000000,0.000000,
													-0.000000,-0.000000,1.000000,0.000000,
													-0.035205,2.582460,0.000000,1.000000;;
												}
											}
										}
									}
								}
								Frame mixamorig_LeftHandPinky1 {
									FrameTransformMatrix {
										0.923757,-0.382980,-0.000000,0.000000,
										0.371070,0.895028,-0.247451,0.000000,
										0.094769,0.228585,0.968900,0.000000,
										3.103006,9.804624,0.256461,1.000000;;
									}
									Frame mixamorig_LeftHandPinky2 {
										FrameTransformMatrix {
											1.000000,-0.000000,0.000000,0.000000,
											0.000000,0.953661,-0.300883,0.000000,
											0.000000,0.300883,0.953661,0.000000,
											-0.028648,2.793061,-0.000000,1.000000;;
										}
										Frame mixamorig_LeftHandPinky3 {
											FrameTransformMatrix {
												1.000000,-0.000000,0.000000,0.000000,
												0.000000,0.980726,-0.195386,0.000000,
												-0.000000,0.195386,0.980726,0.000000,
												0.003506,2.307577,-0.000000,1.000000;;
											}
											Frame mixamorig_LeftHandPinky4 {
												FrameTransformMatrix {
													1.000000,-0.000000,0.000000,0.000000,
													0.000000,1.000000,-0.000000,0.000000,
													-0.000000,0.000000,1.000000,0.000000,
													0.025142,2.027596,-0.000000,1.000000;;
												}
											}
										}
									}
								}
							}
						}
					}
				}
				Frame mixamorig_RightShoulder {
					FrameTransformMatrix {
						-0.023526,-0.000048,-0.999723,0.000000,
						-0.965663,-0.258801,0.022737,0.000000,
						-0.258730,0.965931,0.006042,0.000000,
						-7.985327,14.408205,0.187225,1.000000;;
					}
					Frame mixamorig_RightArm {
						FrameTransformMatrix {
							0.998693,0.051120,-0.000000,0.000000,
							-0.050671,0.989904,0.132371,0.000000,
							0.006767,-0.132198,0.991200,0.000000,
							0.000000,16.443417,-0.000000,1.000000;;
						}
						Frame mixamorig_RightForeArm {
							FrameTransformMatrix {
								0.975661,-0.219282,-0.000000,0.000000,
								0.218182,0.970764,0.100070,0.000000,
								-0.021944,-0.097635,0.994980,0.000000,
								-0.000000,20.688032,-0.000000,1.000000;;
							}
							Frame mixamorig_RightHand {
								FrameTransformMatrix {
									0.974043,-0.050031,0.220765,0.000000,
									0.097225,0.973196,-0.208415,0.000000,
									-0.204420,0.224469,0.952799,0.000000,
									-0.000000,28.483500,-0.000000,1.000000;;
								}
								Frame mixamorig_RightHandThumb1 {
									FrameTransformMatrix {
										0.765509,-0.643426,0.000000,0.000000,
										0.613035,0.729352,-0.303698,0.000000,
										0.195407,0.232484,0.952768,0.000000,
										2.698716,3.058632,-1.299813,1.000000;;
									}
									Frame mixamorig_RightHandThumb2 {
										FrameTransformMatrix {
											1.000000,-0.000000,-0.000000,0.000000,
											0.000000,0.987204,-0.159463,0.000000,
											0.000000,0.159463,0.987204,0.000000,
											0.078305,3.423988,0.000000,1.000000;;
										}
										Frame mixamorig_RightHandThumb3 {
											FrameTransformMatrix {
												1.000000,0.000000,-0.000000,0.000000,
												-0.000000,0.999012,-0.044446,0.000000,
												0.000000,0.044446,0.999012,0.000000,
												-0.053042,3.564641,-0.000000,1.000000;;
											}
											Frame mixamorig_RightHandThumb4 {
												FrameTransformMatrix {
													1.000000,-0.000000,0.000000,0.000000,
													0.000000,1.000000,-0.000000,0.000000,
													0.000000,0.000000,1.000000,0.000000,
													-0.025264,3.087018,-0.000000,1.000000;;
												}
											}
										}
									}
								}
								Frame mixamorig_RightHandIndex1 {
									FrameTransformMatrix {
										0.978087,-0.208195,0.000000,0.000000,
										0.206884,0.971927,-0.112062,0.000000,
										0.023331,0.109607,0.993701,0.000000,
										3.329366,10.756874,0.008224,1.000000;;
									}
									Frame mixamorig_RightHandIndex2 {
										FrameTransformMatrix {
											1.000000,-0.000000,0.000000,0.000000,
											0.000000,0.959553,-0.281529,0.000000,
											0.000000,0.281529,0.959553,0.000000,
											-0.077823,2.776619,0.000000,1.000000;;
										}
										Frame mixamorig_RightHandIndex3 {
											FrameTransformMatrix {
												1.000000,0.000000,0.000000,0.000000,
												-0.000000,0.997985,0.063452,0.000000,
												-0.000000,-0.063452,0.997985,0.000000,
												0.057177,2.737660,-0.000000,1.000000;;
											}
											Frame mixamorig_RightHandIndex4 {
												FrameTransformMatrix {
													1.000000,0.000000,0.000000,0.000000,
													-0.000000,1.000000,0.000000,0.000000,
													-0.000000,-0.000000,1.000000,0.000000,
													0.020645,2.185542,0.000000,1.000000;;
												}
											}
										}
									}
								}
								Frame mixamorig_RightHandMiddle1 {
									FrameTransformMatrix {
										0.999995,-0.003233,-0.000000,0.000000,
										0.003224,0.997271,-0.073758,0.000000,
										0.000238,0.073758,0.997276,0.000000,
										1.147194,11.013397,0.263927,1.000000;;
									}
									Frame mixamorig_RightHandMiddle2 {
										FrameTransformMatrix {
											1.000000,-0.000000,0.000000,0.000000,
											0.000000,0.929103,-0.369821,0.000000,
											-0.000000,0.369821,0.929103,0.000000,
											-0.085029,3.240009,0.000000,1.000000;;
										}
										Frame mixamorig_RightHandMiddle3 {
											FrameTransformMatrix {
												1.000000,0.000000,0.000000,0.000000,
												0.000000,0.989832,-0.142239,0.000000,
												0.000000,0.142239,0.989832,0.000000,
												0.027768,3.001971,0.000000,1.000000;;
											}
											Frame mixamorig_RightHandMiddle4 {
												FrameTransformMatrix {
													1.000000,-0.000000,0.000000,0.000000,
													0.000000,1.000000,-0.000000,0.000000,
													-0.000000,0.000000,1.000000,0.000000,
													0.057261,2.538451,-0.000000,1.000000;;
												}
											}
										}
									}
								}
								Frame mixamorig_RightHandRing1 {
									FrameTransformMatrix {
										0.994430,0.105395,-0.000000,0.000000,
										-0.104525,0.986228,-0.128177,0.000000,
										-0.013509,0.127463,0.991751,0.000000,
										-1.318436,11.095921,0.178815,1.000000;;
									}
									Frame mixamorig_RightHandRing2 {
										FrameTransformMatrix {
											1.000000,0.000000,0.000000,0.000000,
											0.000000,0.949020,-0.315216,0.000000,
											0.000000,0.315216,0.949020,0.000000,
											-0.037767,2.875236,-0.000000,1.000000;;
										}
										Frame mixamorig_RightHandRing3 {
											FrameTransformMatrix {
												1.000000,0.000000,-0.000000,0.000000,
												-0.000000,0.984593,-0.174859,0.000000,
												0.000000,0.174859,0.984593,0.000000,
												0.008583,2.694868,-0.000000,1.000000;;
											}
											Frame mixamorig_RightHandRing4 {
												FrameTransformMatrix {
													1.000000,-0.000000,0.000000,0.000000,
													0.000000,1.000000,0.000000,0.000000,
													-0.000000,-0.000000,1.000000,0.000000,
													0.029184,2.360416,-0.000000,1.000000;;
												}
											}
										}
									}
								}
								Frame mixamorig_RightHandPinky1 {
									FrameTransformMatrix {
										0.950507,0.310705,-0.000000,0.000000,
										-0.304759,0.932319,-0.194688,0.000000,
										-0.060490,0.185052,0.980865,0.000000,
										-3.158124,9.809884,0.152362,1.000000;;
									}
									Frame mixamorig_RightHandPinky2 {
										FrameTransformMatrix {
											1.000000,-0.000000,0.000000,0.000000,
											0.000000,0.919506,-0.393077,0.000000,
											0.000000,0.393077,0.919506,0.000000,
											0.016399,2.855931,-0.000000,1.000000;;
										}
										Frame mixamorig_RightHandPinky3 {
											FrameTransformMatrix {
												1.000000,-0.000000,0.000000,0.000000,
												0.000000,0.974769,-0.223216,0.000000,
												-0.000000,0.223216,0.974769,0.000000,
												-0.005530,2.304318,-0.000000,1.000000;;
											}
											Frame mixamorig_RightHandPinky4 {
												FrameTransformMatrix {
													1.000000,-0.000000,0.000000,0.000000,
													0.000000,1.000000,0.000000,0.000000,
													-0.000000,-0.000000,1.000000,0.000000,
													-0.010869,1.994622,-0.000000,1.000000;;
												}
											}
										}
									}
								}
							}
						}
					}
				}
			}
		}
	}
	Frame mixamorig_LeftUpLeg {
		FrameTransformMatrix {
			-0.994837,-0.101308,0.006047,0.000000,
			0.101488,-0.993069,0.059281,0.000000,
			0.000000,0.059588,0.998223,0.000000,
			9.640739,-6.119278,-0.586611,1.000000;;
		}
		Frame mixamorig_LeftLeg {
			FrameTransformMatrix {
				0.999911,0.013370,-0.000000,0.000000,
				-0.013348,0.998315,0.056467,0.000000,
				0.000755,-0.056462,0.998404,0.000000,
				0.000000,45.053291,-0.000000,1.000000;;
			}
			Frame mixamorig_LeftFoot {
				FrameTransformMatrix {
					0.976062,-0.000000,-0.217492,0.000000,
					-0.189754,0.488677,-0.851580,0.000000,
					0.106283,0.872465,0.476979,0.000000,
					0.000000,42.823772,-0.000000,1.000000;;
				}
				Frame mixamorig_LeftToeBase {
					FrameTransformMatrix {
						0.995585,0.000000,-0.093863,0.000000,
						-0.051165,0.838369,-0.542697,0.000000,
						0.078692,0.545103,0.834667,0.000000,
						0.000000,16.588381,0.000000,1.000000;;
					}
					Frame mixamorig_LeftToe_End {
						FrameTransformMatrix {
							1.000000,0.000000,-0.000000,0.000000,
							-0.000000,1.000000,-0.000000,0.000000,
							0.000000,0.000000,1.000000,0.000000,
							-0.000000,6.714916,0.000000,1.000000;;
						}
					}
				}
			}
		}
	}
	Frame mixamorig_RightUpLeg {
		FrameTransformMatrix {
			-0.994833,0.101387,-0.005333,0.000000,
			-0.101528,-0.993459,0.052260,0.000000,
			-0.000000,0.052531,0.998619,0.000000,
			-9.640739,-6.119278,-0.358860,1.000000;;
		}
		Frame mixamorig_RightLeg {
			FrameTransformMatrix {
				0.999911,-0.013365,0.000000,0.000000,
				0.013336,0.997752,0.065681,0.000000,
				-0.000878,-0.065675,0.997841,0.000000,
				-0.000000,45.035599,0.000000,1.000000;;
			}
			Frame mixamorig_RightFoot {
				FrameTransformMatrix {
					0.976864,0.000000,0.213861,0.000000,
					0.187468,0.481234,-0.856311,0.000000,
					-0.102917,0.876592,0.470100,0.000000,
					-0.000000,42.834618,-0.000000,1.000000;;
				}
				Frame mixamorig_RightToeBase {
					FrameTransformMatrix {
						0.994956,0.000000,0.100310,0.000000,
						0.054161,0.841704,-0.537215,0.000000,
						-0.084431,0.539939,0.837459,0.000000,
						-0.000000,16.735941,0.000000,1.000000;;
					}
					Frame mixamorig_RightToe_End {
						FrameTransformMatrix {
							1.000000,0.000000,0.000000,0.000000,
							-0.000000,1.000000,0.000000,0.000000,
							-0.000000,-0.000000,1.000000,0.000000,
							-0.000000,6.713154,-0.000000,1.000000;;
						}
					}
				}
			}
		}
	}
}
AnimationSet JumpDown {
	Animation {
		{mixamorig_Hips}
		AnimationKey {
			4;
			21;
			0;16;
			0.596405,0.038133,-0.801777,0.000000,
			-0.022624,0.999273,0.030697,0.000000,
			0.802365,-0.000168,0.596834,0.000000,
			-0.338347,97.804245,0.050305,1.000000;;,
			1;16;
			0.596624,0.038320,-0.801606,0.000000,
			-0.022382,0.999265,0.031110,0.000000,
			0.802209,-0.000619,0.597043,0.000000,
			-0.353089,97.891190,0.062130,1.000000;;,
			2;16;
			0.599840,0.047139,-0.798730,0.000000,
			-0.022468,0.998862,0.042077,0.000000,
			0.799805,-0.007293,0.600216,0.000000,
			-0.507698,97.833481,0.144973,1.000000;;,
			3;16;
			0.607961,0.056820,-0.791931,0.000000,
			-0.022398,0.998266,0.054430,0.000000,
			0.793651,-0.015354,0.608180,0.000000,
			-0.893672,97.404510,0.229994,1.000000;;,
			4;16;
			0.622062,0.066511,-0.780138,0.000000,
			-0.022417,0.997490,0.067167,0.000000,
			0.782647,-0.024294,0.621992,0.000000,
			-1.334406,97.066238,0.352564,1.000000;;,
			5;16;
			0.651001,0.074723,-0.755390,0.000000,
			-0.022184,0.996591,0.079464,0.000000,
			0.758752,-0.034974,0.650439,0.000000,
			-1.737855,96.932617,0.477066,1.000000;;,
			6;16;
			0.676339,0.080326,-0.732197,0.000000,
			-0.023530,0.995885,0.087519,0.000000,
			0.736214,-0.041964,0.675446,0.000000,
			-2.069359,96.898918,0.533780,1.000000;;,
			7;16;
			0.661604,0.087984,-0.744674,0.000000,
			-0.029845,0.995395,0.091091,0.000000,
			0.749259,-0.038041,0.661183,0.000000,
			-2.298162,96.812424,0.515397,1.000000;;,
			8;16;
			0.612614,0.092314,-0.784973,0.000000,
			-0.039177,0.995482,0.086495,0.000000,
			0.789410,-0.022235,0.613463,0.000000,
			-2.260823,97.053070,0.141887,1.000000;;,
			9;16;
			0.578106,0.095578,-0.810345,0.000000,
			-0.057392,0.995419,0.076464,0.000000,
			0.813941,0.002303,0.580943,0.000000,
			-2.005435,97.409485,0.036118,1.000000;;,
			10;16;
			0.563355,0.095138,-0.820719,0.000000,
			-0.087264,0.994644,0.055401,0.000000,
			0.821594,0.040409,0.568639,0.000000,
			-1.611263,95.094116,0.295097,1.000000;;,
			11;16;
			0.565991,0.088732,-0.819622,0.000000,
			-0.124894,0.991945,0.021142,0.000000,
			0.814896,0.090400,0.572514,0.000000,
			-1.209008,89.875793,0.689513,1.000000;;,
			12;16;
			0.578404,0.081835,-0.811635,0.000000,
			-0.191690,0.980730,-0.037722,0.000000,
			0.792908,0.177401,0.582946,0.000000,
			-0.651351,84.087456,1.539678,1.000000;;,
			13;16;
			0.584386,0.081653,-0.807357,0.000000,
			-0.260256,0.961226,-0.091166,0.000000,
			0.768609,0.263396,0.582978,0.000000,
			-0.090794,80.808418,2.552222,1.000000;;,
			14;16;
			0.576433,0.088275,-0.812362,0.000000,
			-0.318665,0.939721,-0.124003,0.000000,
			0.752448,0.330351,0.569816,0.000000,
			0.447268,79.039238,3.524255,1.000000;;,
			15;16;
			0.562913,0.105253,-0.819787,0.000000,
			-0.352448,0.927726,-0.122900,0.000000,
			0.747602,0.358114,0.559325,0.000000,
			0.874956,78.966896,4.262933,1.000000;;,
			16;16;
			0.550347,0.124028,-0.825673,0.000000,
			-0.358516,0.928202,-0.099537,0.000000,
			0.754045,0.350797,0.555299,0.000000,
			1.088494,80.414734,4.503513,1.000000;;,
			17;16;
			0.547680,0.121057,-0.827884,0.000000,
			-0.305255,0.950184,-0.062999,0.000000,
			0.779016,0.287219,0.557350,0.000000,
			1.036585,83.319229,4.114358,1.000000;;,
			18;16;
			0.552135,0.098315,-0.827938,0.000000,
			-0.196422,0.980411,-0.014569,0.000000,
			0.810287,0.170670,0.560631,0.000000,
			0.844982,87.462059,3.328288,1.000000;;,
			19;16;
			0.556244,0.066333,-0.828367,0.000000,
			-0.060762,0.997387,0.039067,0.000000,
			0.828795,0.028602,0.558821,0.000000,
			0.643847,92.343285,2.071114,1.000000;;,
			20;16;
			0.556097,0.035717,-0.830349,0.000000,
			0.070737,0.993417,0.090105,0.000000,
			0.828101,-0.108843,0.549910,0.000000,
			0.402825,97.322197,0.491850,1.000000;;;
		}
	}
	Animation {
		{mixamorig_Spine}
		AnimationKey {
			4;
			21;
			0;16;
			0.999884,-0.013301,-0.007411,0.000000,
			0.011428,0.977206,-0.211985,0.000000,
			0.010062,0.211876,0.977245,0.000000,
			0.000000,10.997345,0.803058,1.000000;;,
			1;16;
			0.999875,-0.013429,-0.008286,0.000000,
			0.011601,0.981550,-0.190855,0.000000,
			0.010696,0.190735,0.981583,0.000000,
			0.000000,10.997345,0.803058,1.000000;;,
			2;16;
			0.999872,-0.013394,-0.008764,0.000000,
			0.011746,0.985936,-0.166707,0.000000,
			0.010874,0.166583,0.985967,0.000000,
			0.000000,10.997345,0.803058,1.000000;;,
			3;16;
			0.999913,-0.011664,-0.006138,0.000000,
			0.010663,0.989606,-0.143411,0.000000,
			0.007747,0.143333,0.989644,0.000000,
			0.000000,10.997345,0.803058,1.000000;;,
			4;16;
			0.999985,-0.005250,-0.001825,0.000000,
			0.004987,0.992502,-0.122126,0.000000,
			0.002453,0.122115,0.992513,0.000000,
			0.000000,10.997345,0.803058,1.000000;;,
			5;16;
			0.999985,0.001337,0.005384,0.000000,
			-0.000764,0.994454,-0.105168,0.000000,
			-0.005495,0.105162,0.994440,0.000000,
			0.000000,10.997345,0.803058,1.000000;;,
			6;16;
			0.999902,0.002943,0.013672,0.000000,
			-0.001650,0.995607,-0.093612,0.000000,
			-0.013888,0.093581,0.995515,0.000000,
			0.000000,10.997345,0.803058,1.000000;;,
			7;16;
			0.999794,-0.006873,0.019107,0.000000,
			0.008337,0.996946,-0.077649,0.000000,
			-0.018515,0.077792,0.996798,0.000000,
			0.000000,10.997345,0.803058,1.000000;;,
			8;16;
			0.999606,-0.018457,0.021145,0.000000,
			0.019640,0.998170,-0.057186,0.000000,
			-0.020050,0.057579,0.998140,0.000000,
			0.000000,10.997345,0.803058,1.000000;;,
			9;16;
			0.999177,-0.034513,0.021318,0.000000,
			0.035311,0.998644,-0.038258,0.000000,
			-0.019969,0.038980,0.999040,0.000000,
			0.000000,10.997345,0.803058,1.000000;;,
			10;16;
			0.998078,-0.059088,0.018660,0.000000,
			0.059365,0.998128,-0.014678,0.000000,
			-0.017757,0.015757,0.999718,0.000000,
			0.000000,10.997345,0.803058,1.000000;;,
			11;16;
			0.995906,-0.088984,0.015901,0.000000,
			0.088755,0.995947,0.014587,0.000000,
			-0.017134,-0.013116,0.999767,0.000000,
			0.000000,10.997345,0.803058,1.000000;;,
			12;16;
			0.989257,-0.145735,0.011470,0.000000,
			0.144740,0.987459,0.063044,0.000000,
			-0.020514,-0.060707,0.997945,0.000000,
			0.000000,10.997345,0.803058,1.000000;;,
			13;16;
			0.978908,-0.204111,0.008843,0.000000,
			0.202018,0.973509,0.107090,0.000000,
			-0.030467,-0.103045,0.994210,0.000000,
			0.000000,10.997345,0.803058,1.000000;;,
			14;16;
			0.968341,-0.249512,0.007739,0.000000,
			0.245815,0.958476,0.144560,0.000000,
			-0.043487,-0.138081,0.989466,0.000000,
			0.000000,10.997345,0.803058,1.000000;;,
			15;16;
			0.963303,-0.268317,0.007231,0.000000,
			0.263372,0.950059,0.167399,0.000000,
			-0.051786,-0.159352,0.985863,0.000000,
			0.000000,10.997345,0.803058,1.000000;;,
			16;16;
			0.958277,-0.285828,0.002590,0.000000,
			0.278954,0.937132,0.209684,0.000000,
			-0.062360,-0.200213,0.977766,0.000000,
			0.000000,10.997345,0.803058,1.000000;;,
			17;16;
			0.958822,-0.283996,-0.002755,0.000000,
			0.276027,0.929546,0.244446,0.000000,
			-0.066861,-0.235140,0.969659,0.000000,
			0.000000,10.997345,0.803058,1.000000;;,
			18;16;
			0.972510,-0.232862,0.000113,0.000000,
			0.226796,0.947283,0.226315,0.000000,
			-0.052807,-0.220068,0.974054,0.000000,
			0.000000,10.997345,0.803058,1.000000;;,
			19;16;
			0.991262,-0.131676,0.007787,0.000000,
			0.129364,0.981995,0.137662,0.000000,
			-0.025773,-0.135452,0.990449,0.000000,
			0.000000,10.997345,0.803058,1.000000;;,
			20;16;
			0.999938,0.007993,0.007697,0.000000,
			-0.007844,0.999784,-0.019269,0.000000,
			-0.007849,0.019208,0.999785,0.000000,
			0.000000,10.997345,0.803058,1.000000;;;
		}
	}
	Animation {
		{mixamorig_Spine1}
		AnimationKey {
			4;
			21;
			0;16;
			0.999870,0.007286,-0.014381,0.000000,
			-0.008477,0.996375,-0.084642,0.000000,
			0.013712,0.084753,0.996308,0.000000,
			0.000000,12.864401,0.000000,1.000000;;,
			1;16;
			0.999819,0.007189,-0.017640,0.000000,
			-0.008653,0.996399,-0.084351,0.000000,
			0.016970,0.084489,0.996280,0.000000,
			0.000000,12.864401,0.000000,1.000000;;,
			2;16;
			0.999736,0.007093,-0.021857,0.000000,
			-0.008903,0.996437,-0.083866,0.000000,
			0.021185,0.084039,0.996237,0.000000,
			0.000000,12.864401,0.000000,1.000000;;,
			3;16;
			0.999752,0.007093,-0.021091,0.000000,
			-0.008833,0.996462,-0.083581,0.000000,
			0.020423,0.083747,0.996278,0.000000,
			0.000000,12.864401,0.000000,1.000000;;,
			4;16;
			0.999827,0.007189,-0.017161,0.000000,
			-0.008600,0.996463,-0.083588,0.000000,
			0.016499,0.083721,0.996353,0.000000,
			0.000000,12.864401,0.000000,1.000000;;,
			5;16;
			0.999925,0.007478,-0.009683,0.000000,
			-0.008263,0.996449,-0.083787,0.000000,
			0.009022,0.083861,0.996437,0.000000,
			0.000000,12.864401,0.000000,1.000000;;,
			6;16;
			0.999969,0.007766,-0.001630,0.000000,
			-0.007875,0.996420,-0.084173,0.000000,
			0.000970,0.084183,0.996450,0.000000,
			0.000000,12.864401,0.000000,1.000000;;,
			7;16;
			0.999932,0.011696,0.000192,0.000000,
			-0.011634,0.996019,-0.088376,0.000000,
			-0.001224,0.088368,0.996087,0.000000,
			0.000000,12.864401,0.000000,1.000000;;,
			8;16;
			0.999828,0.018119,-0.003931,0.000000,
			-0.018415,0.995117,-0.096967,0.000000,
			0.002155,0.097022,0.995280,0.000000,
			0.000000,12.864401,0.000000,1.000000;;,
			9;16;
			0.999672,0.024732,-0.006711,0.000000,
			-0.025309,0.993919,-0.107170,0.000000,
			0.004020,0.107304,0.994218,0.000000,
			0.000000,12.864401,0.000000,1.000000;;,
			10;16;
			0.999371,0.034602,-0.007766,0.000000,
			-0.035291,0.991923,-0.121836,0.000000,
			0.003487,0.122033,0.992520,0.000000,
			0.000000,12.864401,0.000000,1.000000;;,
			11;16;
			0.998803,0.048396,-0.007095,0.000000,
			-0.048913,0.988904,-0.140275,0.000000,
			0.000227,0.140454,0.990087,0.000000,
			0.000000,12.864401,0.000000,1.000000;;,
			12;16;
			0.997156,0.075189,-0.005177,0.000000,
			-0.074960,0.982291,-0.171715,0.000000,
			-0.007826,0.171615,0.985133,0.000000,
			0.000000,12.864401,0.000000,1.000000;;,
			13;16;
			0.994703,0.102690,-0.004506,0.000000,
			-0.101516,0.974566,-0.199787,0.000000,
			-0.016125,0.199187,0.979829,0.000000,
			0.000000,12.864401,0.000000,1.000000;;,
			14;16;
			0.992214,0.124310,-0.007670,0.000000,
			-0.122907,0.967335,-0.221713,0.000000,
			-0.020142,0.220929,0.975082,0.000000,
			0.000000,12.864401,0.000000,1.000000;;,
			15;16;
			0.991164,0.132198,-0.010834,0.000000,
			-0.131101,0.963980,-0.231418,0.000000,
			-0.020150,0.230793,0.972794,0.000000,
			0.000000,12.864401,0.000000,1.000000;;,
			16;16;
			0.990081,0.139984,-0.011984,0.000000,
			-0.138629,0.959511,-0.245194,0.000000,
			-0.022824,0.244423,0.969400,0.000000,
			0.000000,12.864401,0.000000,1.000000;;,
			17;16;
			0.990223,0.139326,-0.006807,0.000000,
			-0.136510,0.957859,-0.252727,0.000000,
			-0.028691,0.251185,0.967514,0.000000,
			0.000000,12.864401,0.000000,1.000000;;,
			18;16;
			0.993152,0.116794,0.002780,0.000000,
			-0.112965,0.966114,-0.232083,0.000000,
			-0.029792,0.230180,0.972692,0.000000,
			0.000000,12.864401,0.000000,1.000000;;,
			19;16;
			0.997313,0.072220,0.012271,0.000000,
			-0.068955,0.982048,-0.175575,0.000000,
			-0.024731,0.174257,0.984390,0.000000,
			0.000000,12.864401,0.000000,1.000000;;,
			20;16;
			0.999795,0.008244,0.018502,0.000000,
			-0.006635,0.996325,-0.085400,0.000000,
			-0.019138,0.085260,0.996175,0.000000,
			0.000000,12.864401,0.000000,1.000000;;;
		}
	}
	Animation {
		{mixamorig_Spine2}
		AnimationKey {
			4;
			21;
			0;16;
			0.999866,0.006039,-0.015243,0.000000,
			-0.008202,0.989243,-0.146050,0.000000,
			0.014197,0.146155,0.989160,0.000000,
			0.000000,14.702159,-0.000000,1.000000;;,
			1;16;
			0.999808,0.006135,-0.018598,0.000000,
			-0.008780,0.989295,-0.145662,0.000000,
			0.017506,0.145797,0.989160,0.000000,
			0.000000,14.702159,-0.000000,1.000000;;,
			2;16;
			0.999722,0.006326,-0.022720,0.000000,
			-0.009560,0.989360,-0.145175,0.000000,
			0.021560,0.145352,0.989145,0.000000,
			0.000000,14.702159,-0.000000,1.000000;;,
			3;16;
			0.999740,0.006230,-0.021953,0.000000,
			-0.009348,0.989403,-0.144893,0.000000,
			0.020818,0.145061,0.989204,0.000000,
			0.000000,14.702159,-0.000000,1.000000;;,
			4;16;
			0.999819,0.006135,-0.018023,0.000000,
			-0.008683,0.989407,-0.144905,0.000000,
			0.016943,0.145035,0.989281,0.000000,
			0.000000,14.702159,-0.000000,1.000000;;,
			5;16;
			0.999926,0.005848,-0.010642,0.000000,
			-0.007332,0.989374,-0.145204,0.000000,
			0.009680,0.145272,0.989344,0.000000,
			0.000000,14.702159,-0.000000,1.000000;;,
			6;16;
			0.999981,0.005657,-0.002493,0.000000,
			-0.005959,0.989327,-0.145592,0.000000,
			0.001643,0.145604,0.989342,0.000000,
			0.000000,14.702159,-0.000000,1.000000;;,
			7;16;
			0.999956,0.009395,-0.000383,0.000000,
			-0.009347,0.988678,-0.149764,0.000000,
			-0.001028,0.149761,0.988722,0.000000,
			0.000000,14.702159,-0.000000,1.000000;;,
			8;16;
			0.999864,0.016010,-0.004027,0.000000,
			-0.016446,0.987256,-0.158289,0.000000,
			0.001441,0.158334,0.987385,0.000000,
			0.000000,14.702159,-0.000000,1.000000;;,
			9;16;
			0.999722,0.022720,-0.006232,0.000000,
			-0.023445,0.985422,-0.168502,0.000000,
			0.002313,0.168601,0.985682,0.000000,
			0.000000,14.702159,-0.000000,1.000000;;,
			10;16;
			0.999451,0.032495,-0.006519,0.000000,
			-0.033139,0.982530,-0.183130,0.000000,
			0.000455,0.183246,0.983067,0.000000,
			0.000000,14.702159,-0.000000,1.000000;;,
			11;16;
			0.998921,0.046194,-0.004794,0.000000,
			-0.046213,0.978422,-0.201384,0.000000,
			-0.004613,0.201388,0.979501,0.000000,
			0.000000,14.702159,-0.000000,1.000000;;,
			12;16;
			0.997332,0.072991,-0.000767,0.000000,
			-0.071169,0.969999,-0.232457,0.000000,
			-0.016223,0.231891,0.972606,0.000000,
			0.000000,14.702159,-0.000000,1.000000;;,
			13;16;
			0.994896,0.100879,0.002205,0.000000,
			-0.096843,0.960776,-0.259868,0.000000,
			-0.028333,0.258328,0.965642,0.000000,
			0.000000,14.702159,-0.000000,1.000000;;,
			14;16;
			0.992432,0.122791,0.000767,0.000000,
			-0.117610,0.952310,-0.281557,0.000000,
			-0.035303,0.279336,0.959544,0.000000,
			0.000000,14.702159,-0.000000,1.000000;;,
			15;16;
			0.991435,0.130589,-0.001822,0.000000,
			-0.125449,0.948345,-0.291385,0.000000,
			-0.036324,0.289118,0.956604,0.000000,
			0.000000,14.702159,-0.000000,1.000000;;,
			16;16;
			0.990337,0.138664,-0.002397,0.000000,
			-0.132785,0.943073,-0.304928,0.000000,
			-0.040022,0.302300,0.952372,0.000000,
			0.000000,14.702159,-0.000000,1.000000;;,
			17;16;
			0.990336,0.138664,0.002684,0.000000,
			-0.130938,0.941183,-0.311495,0.000000,
			-0.045720,0.308133,0.950244,0.000000,
			0.000000,14.702159,-0.000000,1.000000;;,
			18;16;
			0.993169,0.116217,0.010450,0.000000,
			-0.108193,0.950725,-0.290544,0.000000,
			-0.043701,0.287428,0.956805,0.000000,
			0.000000,14.702159,-0.000000,1.000000;;,
			19;16;
			0.997383,0.070399,0.016490,0.000000,
			-0.064566,0.969817,-0.235128,0.000000,
			-0.032545,0.233448,0.971824,0.000000,
			0.000000,14.702159,-0.000000,1.000000;;,
			20;16;
			0.999836,0.004505,0.017544,0.000000,
			-0.001880,0.989150,-0.146897,0.000000,
			-0.018015,0.146840,0.988996,0.000000,
			0.000000,14.702159,-0.000000,1.000000;;;
		}
	}
	Animation {
		{mixamorig_Neck}
		AnimationKey {
			4;
			21;
			0;16;
			0.996589,-0.030141,0.076823,0.000000,
			0.034292,0.997990,-0.053292,0.000000,
			-0.075062,0.055744,0.995619,0.000000,
			0.000000,16.539940,-0.000002,1.000000;;,
			1;16;
			0.996578,-0.030229,0.076925,0.000000,
			0.034299,0.998050,-0.052146,0.000000,
			-0.075199,0.054606,0.995672,0.000000,
			0.000000,16.539940,-0.000002,1.000000;;,
			2;16;
			0.996561,-0.030508,0.077041,0.000000,
			0.034346,0.998208,-0.048995,0.000000,
			-0.075409,0.051473,0.995823,0.000000,
			0.000000,16.539940,-0.000002,1.000000;;,
			3;16;
			0.996540,-0.030882,0.077165,0.000000,
			0.034343,0.998444,-0.043934,0.000000,
			-0.075688,0.046432,0.996050,0.000000,
			0.000000,16.539940,-0.000002,1.000000;;,
			4;16;
			0.996508,-0.031344,0.077390,0.000000,
			0.034313,0.998713,-0.037343,0.000000,
			-0.076120,0.039868,0.996301,0.000000,
			0.000000,16.539940,-0.000002,1.000000;;,
			5;16;
			0.996462,-0.031989,0.077725,0.000000,
			0.034379,0.998970,-0.029604,0.000000,
			-0.076698,0.032172,0.996535,0.000000,
			0.000000,16.539940,-0.000002,1.000000;;,
			6;16;
			0.996414,-0.032635,0.078060,0.000000,
			0.034363,0.999191,-0.020908,0.000000,
			-0.077314,0.023516,0.996729,0.000000,
			0.000000,16.539940,-0.000002,1.000000;;,
			7;16;
			0.996360,-0.033272,0.078489,0.000000,
			0.034281,0.999345,-0.011543,0.000000,
			-0.078054,0.014192,0.996848,0.000000,
			0.000000,16.539940,-0.000002,1.000000;;,
			8;16;
			0.996300,-0.034006,0.078926,0.000000,
			0.034262,0.999411,-0.001890,0.000000,
			-0.078815,0.004587,0.996879,0.000000,
			0.000000,16.539940,-0.000002,1.000000;;,
			9;16;
			0.996229,-0.034629,0.079547,0.000000,
			0.034111,0.999387,0.007856,0.000000,
			-0.079770,-0.005113,0.996800,0.000000,
			0.000000,16.539940,-0.000002,1.000000;;,
			10;16;
			0.996154,-0.035348,0.080174,0.000000,
			0.034057,0.999268,0.017410,0.000000,
			-0.080731,-0.014613,0.996629,0.000000,
			0.000000,16.539940,-0.000002,1.000000;;,
			11;16;
			0.996086,-0.035875,0.080788,0.000000,
			0.033843,0.999079,0.026388,0.000000,
			-0.081660,-0.023551,0.996382,0.000000,
			0.000000,16.539940,-0.000002,1.000000;;,
			12;16;
			0.995967,-0.036454,0.081980,0.000000,
			0.033409,0.998711,0.038222,0.000000,
			-0.083268,-0.035329,0.995901,0.000000,
			0.000000,16.539940,-0.000002,1.000000;;,
			13;16;
			0.995856,-0.036646,0.083240,0.000000,
			0.032794,0.998348,0.047184,0.000000,
			-0.084831,-0.044259,0.995412,0.000000,
			0.000000,16.539940,-0.000002,1.000000;;,
			14;16;
			0.995747,-0.036148,0.084737,0.000000,
			0.031774,0.998120,0.052415,0.000000,
			-0.086472,-0.049500,0.995024,0.000000,
			0.000000,16.539940,-0.000002,1.000000;;,
			15;16;
			0.995656,-0.034384,0.086524,0.000000,
			0.030121,0.998290,0.050102,0.000000,
			-0.088098,-0.047278,0.994989,0.000000,
			0.000000,16.539940,-0.000002,1.000000;;,
			16;16;
			0.995578,-0.027430,0.089847,0.000000,
			0.025395,0.999396,0.023712,0.000000,
			-0.090443,-0.021326,0.995673,0.000000,
			0.000000,16.539940,-0.000002,1.000000;;,
			17;16;
			0.995479,-0.016817,0.093477,0.000000,
			0.018646,0.999651,-0.018720,0.000000,
			-0.093129,0.020379,0.995445,0.000000,
			0.000000,16.539940,-0.000002,1.000000;;,
			18;16;
			0.995378,-0.005249,0.095886,0.000000,
			0.011504,0.997832,-0.064797,0.000000,
			-0.095338,0.065600,0.993281,0.000000,
			0.000000,16.539940,-0.000002,1.000000;;,
			19;16;
			0.995292,0.004007,0.096837,0.000000,
			0.005880,0.994808,-0.101600,0.000000,
			-0.096742,0.101691,0.990101,0.000000,
			0.000000,16.539940,-0.000002,1.000000;;,
			20;16;
			0.995268,0.008120,0.096824,0.000000,
			0.003239,0.993175,-0.116586,0.000000,
			-0.097110,0.116348,0.988450,0.000000,
			0.000000,16.539940,-0.000002,1.000000;;;
		}
	}
	Animation {
		{mixamorig_Head}
		AnimationKey {
			4;
			21;
			0;16;
			0.911461,-0.009351,0.411280,0.000000,
			0.008839,0.999956,0.003146,0.000000,
			-0.411291,0.000768,0.911504,0.000000,
			0.000000,6.188477,-2.321620,1.000000;;,
			1;16;
			0.910924,-0.011441,0.412416,0.000000,
			0.009672,0.999933,0.006376,0.000000,
			-0.412461,-0.001819,0.910973,0.000000,
			0.000000,6.188477,-2.321620,1.000000;;,
			2;16;
			0.909403,-0.017265,0.415558,0.000000,
			0.011968,0.999811,0.015347,0.000000,
			-0.415744,-0.008983,0.909437,0.000000,
			0.000000,6.188477,-2.321620,1.000000;;,
			3;16;
			0.906978,-0.026442,0.420348,0.000000,
			0.015472,0.999445,0.029485,0.000000,
			-0.420894,-0.020239,0.906884,0.000000,
			0.000000,6.188477,-2.321620,1.000000;;,
			4;16;
			0.903691,-0.038752,0.426428,0.000000,
			0.020246,0.998649,0.047847,0.000000,
			-0.427706,-0.034605,0.903255,0.000000,
			0.000000,6.188477,-2.321620,1.000000;;,
			5;16;
			0.899576,-0.053795,0.433439,0.000000,
			0.025990,0.997221,0.069827,0.000000,
			-0.435991,-0.051550,0.898473,0.000000,
			0.000000,6.188477,-2.321620,1.000000;;,
			6;16;
			0.894752,-0.071178,0.440855,0.000000,
			0.032556,0.994986,0.094570,0.000000,
			-0.445376,-0.070264,0.892582,0.000000,
			0.000000,6.188477,-2.321620,1.000000;;,
			7;16;
			0.889199,-0.090420,0.448497,0.000000,
			0.039671,0.991822,0.121305,0.000000,
			-0.455798,-0.090072,0.885514,0.000000,
			0.000000,6.188477,-2.321620,1.000000;;,
			8;16;
			0.883098,-0.111069,0.455852,0.000000,
			0.047194,0.987677,0.149222,0.000000,
			-0.466808,-0.110264,0.877458,0.000000,
			0.000000,6.188477,-2.321620,1.000000;;,
			9;16;
			0.876491,-0.132764,0.462750,0.000000,
			0.055060,0.982559,0.177611,0.000000,
			-0.478260,-0.130195,0.868514,0.000000,
			0.000000,6.188477,-2.321620,1.000000;;,
			10;16;
			0.869462,-0.154819,0.469112,0.000000,
			0.063003,0.976619,0.205539,0.000000,
			-0.489965,-0.149153,0.858887,0.000000,
			0.000000,6.188477,-2.321620,1.000000;;,
			11;16;
			0.862117,-0.177939,0.474438,0.000000,
			0.071418,0.969637,0.233889,0.000000,
			-0.501650,-0.167757,0.848649,0.000000,
			0.000000,6.188477,-2.321620,1.000000;;,
			12;16;
			0.850411,-0.217093,0.479241,0.000000,
			0.086869,0.956335,0.279066,0.000000,
			-0.518898,-0.195689,0.832136,0.000000,
			0.000000,6.188477,-2.321620,1.000000;;,
			13;16;
			0.838538,-0.257004,0.480419,0.000000,
			0.104093,0.941084,0.321752,0.000000,
			-0.534806,-0.219793,0.815888,0.000000,
			0.000000,6.188477,-2.321620,1.000000;;,
			14;16;
			0.827291,-0.292703,0.479494,0.000000,
			0.120698,0.926214,0.357155,0.000000,
			-0.548654,-0.237598,0.801577,0.000000,
			0.000000,6.188477,-2.321620,1.000000;;,
			15;16;
