xof 0303txt 0032
Frame Ch44 {
	FrameTransformMatrix {
		1.000000,0.000000,0.000000,0.000000,
		0.000000,1.000000,0.000000,0.000000,
		0.000000,0.000000,1.000000,0.000000,
		0.000000,0.000000,0.000000,1.000000;;
	}
}
Frame mixamorig_Hips {
	FrameTransformMatrix {
		1.000000,0.000000,0.000000,0.000000,
		0.000000,1.000000,0.000000,0.000000,
		0.000000,0.000000,1.000000,0.000000,
		0.000000,103.266609,-1.469107,1.000000;;
	}
	Frame mixamorig_Spine {
		FrameTransformMatrix {
			1.000000,0.000000,0.000000,0.000000,
			0.000000,0.997344,0.072829,0.000000,
			0.000000,-0.072829,0.997344,0.000000,
			0.000000,10.997345,0.803058,1.000000;;
		}
		Frame mixamorig_Spine1 {
			FrameTransformMatrix {
				1.000000,0.000000,0.000000,0.000000,
				0.000000,1.000000,0.000000,0.000000,
				0.000000,-0.000000,1.000000,0.000000,
				0.000000,12.864401,0.000000,1.000000;;
			}
			Frame mixamorig_Spine2 {
				FrameTransformMatrix {
					1.000000,0.000000,0.000000,0.000000,
					0.000000,1.000000,0.000000,0.000000,
					0.000000,0.000000,1.000000,0.000000,
					0.000000,14.702159,-0.000000,1.000000;;
				}
				Frame mixamorig_Neck {
					FrameTransformMatrix {
						1.000000,0.000000,0.000000,0.000000,
						0.000000,0.997344,-0.072829,0.000000,
						0.000000,0.072829,0.997344,0.000000,
						0.000000,16.539940,-0.000002,1.000000;;
					}
					Frame mixamorig_Head {
						FrameTransformMatrix {
							1.000000,0.000000,0.000000,0.000000,
							0.000000,1.000000,0.000000,0.000000,
							0.000000,0.000000,1.000000,0.000000,
							0.000000,6.188477,-2.321620,1.000000;;
						}
						Frame mixamorig_HeadTop_End {
							FrameTransformMatrix {
								1.000000,0.000000,0.000000,0.000000,
								0.000000,1.000000,0.000000,0.000000,
								0.000000,0.000000,1.000000,0.000000,
								0.000000,23.717819,-8.897791,1.000000;;
							}
						}
					}
				}
				Frame mixamorig_LeftShoulder {
					FrameTransformMatrix {
						-0.015629,0.000026,0.999878,0.000000,
						0.965663,-0.259358,0.015101,0.000000,
						0.259327,0.965781,0.004028,0.000000,
						7.985327,14.403621,0.124439,1.000000;;
					}
					Frame mixamorig_LeftArm {
						FrameTransformMatrix {
							0.997591,-0.069377,0.000000,0.000000,
							0.068756,0.988660,0.133504,0.000000,
							-0.009262,-0.133183,0.991048,0.000000,
							0.000000,16.443417,-0.000000,1.000000;;
						}
						Frame mixamorig_LeftForeArm {
							FrameTransformMatrix {
								0.973581,0.228340,0.000000,0.000000,
								-0.227190,0.968679,0.100224,0.000000,
								0.022885,-0.097576,0.994965,0.000000,
								0.000000,20.702911,-0.000000,1.000000;;
							}
							Frame mixamorig_LeftHand {
								FrameTransformMatrix {
									0.972875,0.064872,-0.222050,0.000000,
									-0.112243,0.971690,-0.207893,0.000000,
									0.202277,0.227177,0.952615,0.000000,
									-0.000000,28.480791,-0.000000,1.000000;;
								}
								Frame mixamorig_LeftHandThumb1 {
									FrameTransformMatrix {
										0.781580,0.623805,-0.000000,0.000000,
										-0.593986,0.744218,-0.305484,0.000000,
										-0.190562,0.238760,0.952197,0.000000,
										-2.770290,3.260447,-1.371969,1.000000;;
									}
									Frame mixamorig_LeftHandThumb2 {
										FrameTransformMatrix {
											1.000000,0.000000,0.000000,0.000000,
											0.000000,0.989067,-0.147469,0.000000,
											-0.000000,0.147469,0.989067,0.000000,
											-0.105061,3.592884,0.000000,1.000000;;
										}
										Frame mixamorig_LeftHandThumb3 {
											FrameTransformMatrix {
												1.000000,0.000000,-0.000000,0.000000,
												-0.000000,0.998617,-0.052569,0.000000,
												0.000000,0.052569,0.998617,0.000000,
												-0.033138,3.493665,0.000000,1.000000;;
											}
											Frame mixamorig_LeftHandThumb4 {
												FrameTransformMatrix {
													1.000000,0.000000,0.000000,0.000000,
													0.000000,1.000000,-0.000000,0.000000,
													-0.000000,0.000000,1.000000,0.000000,
													0.138198,2.622627,-0.000000,1.000000;;
												}
											}
										}
									}
								}
								Frame mixamorig_LeftHandIndex1 {
									FrameTransformMatrix {
										0.975732,0.218968,0.000000,0.000000,
										-0.218358,0.973014,-0.074591,0.000000,
										-0.016333,0.072780,0.997214,0.000000,
										-3.258903,10.756469,-0.003820,1.000000;;
									}
									Frame mixamorig_LeftHandIndex2 {
										FrameTransformMatrix {
											1.000000,0.000000,0.000000,0.000000,
											0.000000,0.949059,-0.315097,0.000000,
											0.000000,0.315097,0.949059,0.000000,
											0.109371,2.853128,-0.000000,1.000000;;
										}
										Frame mixamorig_LeftHandIndex3 {
											FrameTransformMatrix {
												1.000000,-0.000000,0.000000,0.000000,
												0.000000,0.999972,0.007531,0.000000,
												-0.000000,-0.007531,0.999972,0.000000,
												-0.061237,2.685963,-0.000000,1.000000;;
											}
											Frame mixamorig_LeftHandIndex4 {
												FrameTransformMatrix {
													1.000000,0.000000,-0.000000,0.000000,
													0.000000,1.000000,0.000000,0.000000,
													0.000000,-0.000000,1.000000,0.000000,
													-0.048135,2.249833,0.000000,1.000000;;
												}
											}
										}
									}
								}
								Frame mixamorig_LeftHandMiddle1 {
									FrameTransformMatrix {
										0.999615,-0.027734,0.000000,0.000000,
										0.027726,0.999345,-0.023271,0.000000,
										0.000645,0.023262,0.999729,0.000000,
										-1.104982,11.061543,0.178979,1.000000;;
									}
									Frame mixamorig_LeftHandMiddle2 {
										FrameTransformMatrix {
											1.000000,-0.000000,0.000000,0.000000,
											0.000000,0.908301,-0.418317,0.000000,
											-0.000000,0.418317,0.908301,0.000000,
											0.088648,3.112893,-0.000000,1.000000;;
										}
										Frame mixamorig_LeftHandMiddle3 {
											FrameTransformMatrix {
												1.000000,0.000000,0.000000,0.000000,
												0.000000,0.997395,-0.072133,0.000000,
												0.000000,0.072133,0.997395,0.000000,
												-0.039374,3.016294,0.000000,1.000000;;
											}
											Frame mixamorig_LeftHandMiddle4 {
												FrameTransformMatrix {
													1.000000,-0.000000,0.000000,0.000000,
													0.000000,1.000000,-0.000000,0.000000,
													-0.000000,0.000000,1.000000,0.000000,
													-0.049274,2.467938,-0.000000,1.000000;;
												}
											}
										}
									}
								}
								Frame mixamorig_LeftHandRing1 {
									FrameTransformMatrix {
										0.989613,-0.143755,-0.000000,0.000000,
										0.142955,0.984103,-0.105385,0.000000,
										0.015150,0.104291,0.994431,0.000000,
										1.260879,10.768150,0.117530,1.000000;;
									}
									Frame mixamorig_LeftHandRing2 {
										FrameTransformMatrix {
											1.000000,0.000000,0.000000,0.000000,
											0.000000,0.958275,-0.285846,0.000000,
											-0.000000,0.285846,0.958275,0.000000,
											0.039008,2.933240,-0.000000,1.000000;;
										}
										Frame mixamorig_LeftHandRing3 {
											FrameTransformMatrix {
												1.000000,0.000000,0.000000,0.000000,
												-0.000000,0.970306,-0.241881,0.000000,
												-0.000000,0.241881,0.970306,0.000000,
												-0.003802,2.869819,0.000000,1.000000;;
											}
											Frame mixamorig_LeftHandRing4 {
												FrameTransformMatrix {
													1.000000,-0.000000,0.000000,0.000000,
													0.000000,1.000000,0.000000,0.000000,
													-0.000000,-0.000000,1.000000,0.000000,
													-0.035205,2.582460,0.000000,1.000000;;
												}
											}
										}
									}
								}
								Frame mixamorig_LeftHandPinky1 {
									FrameTransformMatrix {
										0.923757,-0.382980,-0.000000,0.000000,
										0.371070,0.895028,-0.247451,0.000000,
										0.094769,0.228585,0.968900,0.000000,
										3.103006,9.804624,0.256461,1.000000;;
									}
									Frame mixamorig_LeftHandPinky2 {
										FrameTransformMatrix {
											1.000000,-0.000000,0.000000,0.000000,
											0.000000,0.953661,-0.300883,0.000000,
											0.000000,0.300883,0.953661,0.000000,
											-0.028648,2.793061,-0.000000,1.000000;;
										}
										Frame mixamorig_LeftHandPinky3 {
											FrameTransformMatrix {
												1.000000,-0.000000,0.000000,0.000000,
												0.000000,0.980726,-0.195386,0.000000,
												-0.000000,0.195386,0.980726,0.000000,
												0.003506,2.307577,-0.000000,1.000000;;
											}
											Frame mixamorig_LeftHandPinky4 {
												FrameTransformMatrix {
													1.000000,-0.000000,0.000000,0.000000,
													0.000000,1.000000,-0.000000,0.000000,
													-0.000000,0.000000,1.000000,0.000000,
													0.025142,2.027596,-0.000000,1.000000;;
												}
											}
										}
									}
								}
							}
						}
					}
				}
				Frame mixamorig_RightShoulder {
					FrameTransformMatrix {
						-0.023526,-0.000048,-0.999723,0.000000,
						-0.965663,-0.258801,0.022737,0.000000,
						-0.258730,0.965931,0.006042,0.000000,
						-7.985327,14.408205,0.187225,1.000000;;
					}
					Frame mixamorig_RightArm {
						FrameTransformMatrix {
							0.998693,0.051120,-0.000000,0.000000,
							-0.050671,0.989904,0.132371,0.000000,
							0.006767,-0.132198,0.991200,0.000000,
							0.000000,16.443417,-0.000000,1.000000;;
						}
						Frame mixamorig_RightForeArm {
							FrameTransformMatrix {
								0.975661,-0.219282,-0.000000,0.000000,
								0.218182,0.970764,0.100070,0.000000,
								-0.021944,-0.097635,0.994980,0.000000,
								-0.000000,20.688032,-0.000000,1.000000;;
							}
							Frame mixamorig_RightHand {
								FrameTransformMatrix {
									0.974043,-0.050031,0.220765,0.000000,
									0.097225,0.973196,-0.208415,0.000000,
									-0.204420,0.224469,0.952799,0.000000,
									-0.000000,28.483500,-0.000000,1.000000;;
								}
								Frame mixamorig_RightHandThumb1 {
									FrameTransformMatrix {
										0.765509,-0.643426,0.000000,0.000000,
										0.613035,0.729352,-0.303698,0.000000,
										0.195407,0.232484,0.952768,0.000000,
										2.698716,3.058632,-1.299813,1.000000;;
									}
									Frame mixamorig_RightHandThumb2 {
										FrameTransformMatrix {
											1.000000,-0.000000,-0.000000,0.000000,
											0.000000,0.987204,-0.159463,0.000000,
											0.000000,0.159463,0.987204,0.000000,
											0.078305,3.423988,0.000000,1.000000;;
										}
										Frame mixamorig_RightHandThumb3 {
											FrameTransformMatrix {
												1.000000,0.000000,-0.000000,0.000000,
												-0.000000,0.999012,-0.044446,0.000000,
												0.000000,0.044446,0.999012,0.000000,
												-0.053042,3.564641,-0.000000,1.000000;;
											}
											Frame mixamorig_RightHandThumb4 {
												FrameTransformMatrix {
													1.000000,-0.000000,0.000000,0.000000,
													0.000000,1.000000,-0.000000,0.000000,
													0.000000,0.000000,1.000000,0.000000,
													-0.025264,3.087018,-0.000000,1.000000;;
												}
											}
										}
									}
								}
								Frame mixamorig_RightHandIndex1 {
									FrameTransformMatrix {
										0.978087,-0.208195,0.000000,0.000000,
										0.206884,0.971927,-0.112062,0.000000,
										0.023331,0.109607,0.993701,0.000000,
										3.329366,10.756874,0.008224,1.000000;;
									}
									Frame mixamorig_RightHandIndex2 {
										FrameTransformMatrix {
											1.000000,-0.000000,0.000000,0.000000,
											0.000000,0.959553,-0.281529,0.000000,
											0.000000,0.281529,0.959553,0.000000,
											-0.077823,2.776619,0.000000,1.000000;;
										}
										Frame mixamorig_RightHandIndex3 {
											FrameTransformMatrix {
												1.000000,0.000000,0.000000,0.000000,
												-0.000000,0.997985,0.063452,0.000000,
												-0.000000,-0.063452,0.997985,0.000000,
												0.057177,2.737660,-0.000000,1.000000;;
											}
											Frame mixamorig_RightHandIndex4 {
												FrameTransformMatrix {
													1.000000,0.000000,0.000000,0.000000,
													-0.000000,1.000000,0.000000,0.000000,
													-0.000000,-0.000000,1.000000,0.000000,
													0.020645,2.185542,0.000000,1.000000;;
												}
											}
										}
									}
								}
								Frame mixamorig_RightHandMiddle1 {
									FrameTransformMatrix {
										0.999995,-0.003233,-0.000000,0.000000,
										0.003224,0.997271,-0.073758,0.000000,
										0.000238,0.073758,0.997276,0.000000,
										1.147194,11.013397,0.263927,1.000000;;
									}
									Frame mixamorig_RightHandMiddle2 {
										FrameTransformMatrix {
											1.000000,-0.000000,0.000000,0.000000,
											0.000000,0.929103,-0.369821,0.000000,
											-0.000000,0.369821,0.929103,0.000000,
											-0.085029,3.240009,0.000000,1.000000;;
										}
										Frame mixamorig_RightHandMiddle3 {
											FrameTransformMatrix {
												1.000000,0.000000,0.000000,0.000000,
												0.000000,0.989832,-0.142239,0.000000,
												0.000000,0.142239,0.989832,0.000000,
												0.027768,3.001971,0.000000,1.000000;;
											}
											Frame mixamorig_RightHandMiddle4 {
												FrameTransformMatrix {
													1.000000,-0.000000,0.000000,0.000000,
													0.000000,1.000000,-0.000000,0.000000,
													-0.000000,0.000000,1.000000,0.000000,
													0.057261,2.538451,-0.000000,1.000000;;
												}
											}
										}
									}
								}
								Frame mixamorig_RightHandRing1 {
									FrameTransformMatrix {
										0.994430,0.105395,-0.000000,0.000000,
										-0.104525,0.986228,-0.128177,0.000000,
										-0.013509,0.127463,0.991751,0.000000,
										-1.318436,11.095921,0.178815,1.000000;;
									}
									Frame mixamorig_RightHandRing2 {
										FrameTransformMatrix {
											1.000000,0.000000,0.000000,0.000000,
											0.000000,0.949020,-0.315216,0.000000,
											0.000000,0.315216,0.949020,0.000000,
											-0.037767,2.875236,-0.000000,1.000000;;
										}
										Frame mixamorig_RightHandRing3 {
											FrameTransformMatrix {
												1.000000,0.000000,-0.000000,0.000000,
												-0.000000,0.984593,-0.174859,0.000000,
												0.000000,0.174859,0.984593,0.000000,
												0.008583,2.694868,-0.000000,1.000000;;
											}
											Frame mixamorig_RightHandRing4 {
												FrameTransformMatrix {
													1.000000,-0.000000,0.000000,0.000000,
													0.000000,1.000000,0.000000,0.000000,
													-0.000000,-0.000000,1.000000,0.000000,
													0.029184,2.360416,-0.000000,1.000000;;
												}
											}
										}
									}
								}
								Frame mixamorig_RightHandPinky1 {
									FrameTransformMatrix {
										0.950507,0.310705,-0.000000,0.000000,
										-0.304759,0.932319,-0.194688,0.000000,
										-0.060490,0.185052,0.980865,0.000000,
										-3.158124,9.809884,0.152362,1.000000;;
									}
									Frame mixamorig_RightHandPinky2 {
										FrameTransformMatrix {
											1.000000,-0.000000,0.000000,0.000000,
											0.000000,0.919506,-0.393077,0.000000,
											0.000000,0.393077,0.919506,0.000000,
											0.016399,2.855931,-0.000000,1.000000;;
										}
										Frame mixamorig_RightHandPinky3 {
											FrameTransformMatrix {
												1.000000,-0.000000,0.000000,0.000000,
												0.000000,0.974769,-0.223216,0.000000,
												-0.000000,0.223216,0.974769,0.000000,
												-0.005530,2.304318,-0.000000,1.000000;;
											}
											Frame mixamorig_RightHandPinky4 {
												FrameTransformMatrix {
													1.000000,-0.000000,0.000000,0.000000,
													0.000000,1.000000,0.000000,0.000000,
													-0.000000,-0.000000,1.000000,0.000000,
													-0.010869,1.994622,-0.000000,1.000000;;
												}
											}
										}
									}
								}
							}
						}
					}
				}
			}
		}
	}
	Frame mixamorig_LeftUpLeg {
		FrameTransformMatrix {
			-0.994837,-0.101308,0.006047,0.000000,
			0.101488,-0.993069,0.059281,0.000000,
			0.000000,0.059588,0.998223,0.000000,
			9.640739,-6.119278,-0.586611,1.000000;;
		}
		Frame mixamorig_LeftLeg {
			FrameTransformMatrix {
				0.999911,0.013370,-0.000000,0.000000,
				-0.013348,0.998315,0.056467,0.000000,
				0.000755,-0.056462,0.998404,0.000000,
				0.000000,45.053291,-0.000000,1.000000;;
			}
			Frame mixamorig_LeftFoot {
				FrameTransformMatrix {
					0.976062,-0.000000,-0.217492,0.000000,
					-0.189754,0.488677,-0.851580,0.000000,
					0.106283,0.872465,0.476979,0.000000,
					0.000000,42.823772,-0.000000,1.000000;;
				}
				Frame mixamorig_LeftToeBase {
					FrameTransformMatrix {
						0.995585,0.000000,-0.093863,0.000000,
						-0.051165,0.838369,-0.542697,0.000000,
						0.078692,0.545103,0.834667,0.000000,
						0.000000,16.588381,0.000000,1.000000;;
					}
					Frame mixamorig_LeftToe_End {
						FrameTransformMatrix {
							1.000000,0.000000,-0.000000,0.000000,
							-0.000000,1.000000,-0.000000,0.000000,
							0.000000,0.000000,1.000000,0.000000,
							-0.000000,6.714916,0.000000,1.000000;;
						}
					}
				}
			}
		}
	}
	Frame mixamorig_RightUpLeg {
		FrameTransformMatrix {
			-0.994833,0.101387,-0.005333,0.000000,
			-0.101528,-0.993459,0.052260,0.000000,
			-0.000000,0.052531,0.998619,0.000000,
			-9.640739,-6.119278,-0.358860,1.000000;;
		}
		Frame mixamorig_RightLeg {
			FrameTransformMatrix {
				0.999911,-0.013365,0.000000,0.000000,
				0.013336,0.997752,0.065681,0.000000,
				-0.000878,-0.065675,0.997841,0.000000,
				-0.000000,45.035599,0.000000,1.000000;;
			}
			Frame mixamorig_RightFoot {
				FrameTransformMatrix {
					0.976864,0.000000,0.213861,0.000000,
					0.187468,0.481234,-0.856311,0.000000,
					-0.102917,0.876592,0.470100,0.000000,
					-0.000000,42.834618,-0.000000,1.000000;;
				}
				Frame mixamorig_RightToeBase {
					FrameTransformMatrix {
						0.994956,0.000000,0.100310,0.000000,
						0.054161,0.841704,-0.537215,0.000000,
						-0.084431,0.539939,0.837459,0.000000,
						-0.000000,16.735941,0.000000,1.000000;;
					}
					Frame mixamorig_RightToe_End {
						FrameTransformMatrix {
							1.000000,0.000000,0.000000,0.000000,
							-0.000000,1.000000,0.000000,0.000000,
							-0.000000,-0.000000,1.000000,0.000000,
							-0.000000,6.713154,-0.000000,1.000000;;
						}
					}
				}
			}
		}
	}
}
AnimationSet JumpUp {
	Animation {
		{mixamorig_Hips}
		AnimationKey {
			4;
			17;
			0;16;
			0.556097,0.035717,-0.830349,0.000000,
			0.070737,0.993417,0.090105,0.000000,
			0.828102,-0.108843,0.549910,0.000000,
			0.402961,97.324677,0.491771,1.000000;;,
			1;16;
			0.549343,0.113274,-0.827884,0.000000,
			-0.265840,0.962983,-0.044640,0.000000,
			0.792182,0.244607,0.559120,0.000000,
			3.170420,80.621910,3.548631,1.000000;;,
			2;16;
			0.553919,0.119209,-0.823992,0.000000,
			-0.360918,0.926251,-0.108620,0.000000,
			0.750275,0.357560,0.556092,0.000000,
			3.617566,72.416107,4.138304,1.000000;;,
			3;16;
			0.565462,0.101807,-0.818467,0.000000,
			-0.349090,0.928624,-0.125670,0.000000,
			0.747254,0.356781,0.560641,0.000000,
			3.073796,70.711746,3.889478,1.000000;;,
			4;16;
			0.576800,0.087935,-0.812139,0.000000,
			-0.316978,0.940384,-0.123304,0.000000,
			0.752879,0.328551,0.570287,0.000000,
			2.194878,71.042953,3.216140,1.000000;;,
			5;16;
			0.584078,0.082181,-0.807527,0.000000,
			-0.267238,0.958866,-0.095709,0.000000,
			0.766444,0.271703,0.582014,0.000000,
			1.212153,73.455147,2.412012,1.000000;;,
			6;16;
			0.580716,0.081026,-0.810064,0.000000,
			-0.209081,0.976504,-0.052211,0.000000,
			0.786800,0.199688,0.584012,0.000000,
			0.174508,77.798233,1.556229,1.000000;;,
			7;16;
			0.570861,0.084903,-0.816645,0.000000,
			-0.149742,0.988723,-0.001881,0.000000,
			0.807276,0.123360,0.577137,0.000000,
			-0.226372,84.009178,0.770586,1.000000;;,
			8;16;
			0.563254,0.091903,-0.821157,0.000000,
			-0.097125,0.994270,0.044657,0.000000,
			0.820556,0.054602,0.568952,0.000000,
			-0.033173,91.750229,0.496339,1.000000;;,
			9;16;
			0.564747,0.088038,-0.820555,0.000000,
			-0.093025,0.994748,0.042703,0.000000,
			0.820005,0.052216,0.569970,0.000000,
			0.109148,94.397934,0.549790,1.000000;;,
			10;16;
			0.568749,0.076912,-0.818908,0.000000,
			-0.081720,0.995976,0.036786,0.000000,
			0.818442,0.045999,0.572745,0.000000,
			0.175665,96.103218,0.454336,1.000000;;,
			11;16;
			0.573772,0.072332,-0.815814,0.000000,
			-0.071921,0.996694,0.037787,0.000000,
			0.815851,0.036993,0.577078,0.000000,
			0.115296,96.688309,0.522347,1.000000;;,
			12;16;
			0.579747,0.065756,-0.812139,0.000000,
			-0.060044,0.997476,0.037900,0.000000,
			0.812581,0.026791,0.582232,0.000000,
			-0.015973,96.956604,0.501616,1.000000;;,
			13;16;
			0.586071,0.057666,-0.808205,0.000000,
			-0.047408,0.998196,0.036844,0.000000,
			0.808871,0.016722,0.587748,0.000000,
			-0.187621,97.113724,0.376654,1.000000;;,
			14;16;
			0.591543,0.048656,-0.804804,0.000000,
			-0.035340,0.998783,0.034408,0.000000,
			0.805498,0.008088,0.592543,0.000000,
			-0.286378,97.578354,0.218219,1.000000;;,
			15;16;
			0.595194,0.041266,-0.802522,0.000000,
			-0.026257,0.999146,0.031903,0.000000,
			0.803153,0.002083,0.595769,0.000000,
			-0.317834,97.787094,0.107830,1.000000;;,
			16;16;
			0.596405,0.038133,-0.801777,0.000000,
			-0.022624,0.999273,0.030697,0.000000,
			0.802365,-0.000168,0.596834,0.000000,
			-0.338344,97.804268,0.050310,1.000000;;;
		}
	}
	Animation {
		{mixamorig_Spine}
		AnimationKey {
			4;
			17;
			0;16;
			0.999936,0.009129,0.006626,0.000000,
			-0.009004,0.999785,-0.018695,0.000000,
			-0.006795,0.018635,0.999803,0.000000,
			0.000000,10.997345,0.803058,1.000000;;,
			1;16;
			0.999667,-0.024123,0.009197,0.000000,
			0.024844,0.995751,-0.088675,0.000000,
			-0.007019,0.088874,0.996018,0.000000,
			0.000000,10.997345,0.803058,1.000000;;,
			2;16;
			0.999739,-0.022056,0.005888,0.000000,
			0.022619,0.991924,-0.124802,0.000000,
			-0.003088,0.124903,0.992164,0.000000,
			0.000000,10.997345,0.803058,1.000000;;,
			3;16;
			0.999799,-0.019833,0.003070,0.000000,
			0.020065,0.990852,-0.133454,0.000000,
			-0.000395,0.133488,0.991050,0.000000,
			0.000000,10.997345,0.803058,1.000000;;,
			4;16;
			0.999848,-0.017399,0.001325,0.000000,
			0.017419,0.990800,-0.134211,0.000000,
			0.001022,0.134214,0.990952,0.000000,
			0.000000,10.997345,0.803058,1.000000;;,
			5;16;
			0.999893,-0.014645,0.000469,0.000000,
			0.014584,0.991626,-0.128315,0.000000,
			0.001414,0.128308,0.991733,0.000000,
			0.000000,10.997345,0.803058,1.000000;;,
			6;16;
			0.999942,-0.010618,0.001917,0.000000,
			0.010770,0.992974,-0.117845,0.000000,
			-0.000652,0.117859,0.993030,0.000000,
			0.000000,10.997345,0.803058,1.000000;;,
			7;16;
			0.999959,-0.006512,0.006253,0.000000,
			0.007136,0.994388,-0.105549,0.000000,
			-0.005531,0.105590,0.994394,0.000000,
			0.000000,10.997345,0.803058,1.000000;;,
			8;16;
			0.999928,-0.002682,0.011724,0.000000,
			0.003772,0.995565,-0.093998,0.000000,
			-0.011420,0.094035,0.995503,0.000000,
			0.000000,10.997345,0.803058,1.000000;;,
			9;16;
			0.999860,0.001087,0.016709,0.000000,
			0.000357,0.996281,-0.086157,0.000000,
			-0.016740,0.086151,0.996141,0.000000,
			0.000000,10.997345,0.803058,1.000000;;,
			10;16;
			0.999823,0.007486,0.017272,0.000000,
			-0.006008,0.996443,-0.084057,0.000000,
			-0.017840,0.083938,0.996311,0.000000,
			0.000000,10.997345,0.803058,1.000000;;,
			11;16;
			0.999871,0.004251,0.015498,0.000000,
			-0.002847,0.995982,-0.089503,0.000000,
			-0.015816,0.089448,0.995866,0.000000,
			0.000000,10.997345,0.803058,1.000000;;,
			12;16;
			0.999978,0.001746,0.006376,0.000000,
			-0.001083,0.994733,-0.102497,0.000000,
			-0.006521,0.102488,0.994713,0.000000,
			0.000000,10.997345,0.803058,1.000000;;,
			13;16;
			0.999972,-0.007127,-0.002443,0.000000,
			0.006768,0.992220,-0.124315,0.000000,
			0.003310,0.124295,0.992240,0.000000,
			0.000000,10.997345,0.803058,1.000000;;,
			14;16;
			0.999877,-0.013881,-0.007358,0.000000,
			0.012594,0.988177,-0.152798,0.000000,
			0.009392,0.152687,0.988230,0.000000,
			0.000000,10.997345,0.803058,1.000000;;,
			15;16;
			0.999869,-0.014133,-0.007857,0.000000,
			0.012384,0.981722,-0.189916,0.000000,
			0.010397,0.189793,0.981769,0.000000,
			0.000000,10.997345,0.803058,1.000000;;,
			16;16;
			0.999884,-0.013301,-0.007411,0.000000,
			0.011428,0.977206,-0.211985,0.000000,
			0.010062,0.211876,0.977245,0.000000,
			0.000000,10.997345,0.803058,1.000000;;;
		}
	}
	Animation {
		{mixamorig_Spine1}
		AnimationKey {
			4;
			17;
			0;16;
			0.999824,0.008148,0.016873,0.000000,
			-0.006680,0.996332,-0.085307,0.000000,
			-0.017506,0.085180,0.996212,0.000000,
			0.000000,12.864401,0.000000,1.000000;;,
			1;16;
			0.999894,0.007957,0.012176,0.000000,
			-0.006886,0.996306,-0.085600,0.000000,
			-0.012812,0.085507,0.996255,0.000000,
			0.000000,12.864401,0.000000,1.000000;;,
			2;16;
			0.999970,0.007670,0.000959,0.000000,
			-0.007560,0.996341,-0.085128,0.000000,
			-0.001608,0.085119,0.996369,0.000000,
			0.000000,12.864401,0.000000,1.000000;;,
			3;16;
			0.999971,0.007574,0.000000,0.000000,
			-0.007546,0.996341,-0.085128,0.000000,
			-0.000645,0.085126,0.996370,0.000000,
			0.000000,12.864401,0.000000,1.000000;;,
			4;16;
			0.999969,0.007670,0.001725,0.000000,
			-0.007495,0.996334,-0.085224,0.000000,
			-0.002373,0.085208,0.996360,0.000000,
			0.000000,12.864401,0.000000,1.000000;;,
			5;16;
			0.999968,0.007670,0.002205,0.000000,
			-0.007454,0.996342,-0.085128,0.000000,
			-0.002850,0.085109,0.996368,0.000000,
			0.000000,12.864401,0.000000,1.000000;;,
			6;16;
			0.999971,0.007574,-0.000479,0.000000,
			-0.007587,0.996366,-0.084842,0.000000,
			-0.000165,0.084843,0.996394,0.000000,
			0.000000,12.864401,0.000000,1.000000;;,
			7;16;
			0.999963,0.007478,-0.004314,0.000000,
			-0.007815,0.996404,-0.084364,0.000000,
			0.003668,0.084394,0.996426,0.000000,
			0.000000,12.864401,0.000000,1.000000;;,
			8;16;
			0.999945,0.007382,-0.007478,0.000000,
			-0.007984,0.996435,-0.083980,0.000000,
			0.006831,0.084035,0.996439,0.000000,
			0.000000,12.864401,0.000000,1.000000;;,
			9;16;
			0.999944,0.007382,-0.007574,0.000000,
			-0.007992,0.996443,-0.083884,0.000000,
			0.006928,0.083940,0.996447,0.000000,
			0.000000,12.864401,0.000000,1.000000;;,
			10;16;
			0.999961,0.007574,-0.004506,0.000000,
			-0.007926,0.996436,-0.083981,0.000000,
			0.003854,0.084014,0.996457,0.000000,
			0.000000,12.864401,0.000000,1.000000;;,
			11;16;
			0.999969,0.007862,-0.000767,0.000000,
			-0.007898,0.996420,-0.084173,0.000000,
			0.000103,0.084176,0.996451,0.000000,
			0.000000,12.864401,0.000000,1.000000;;,
			12;16;
			0.999928,0.007478,-0.009395,0.000000,
			-0.008238,0.996458,-0.083692,0.000000,
			0.008736,0.083763,0.996447,0.000000,
			0.000000,12.864401,0.000000,1.000000;;,
			13;16;
			0.999804,0.007093,-0.018503,0.000000,
			-0.008613,0.996479,-0.083395,0.000000,
			0.017846,0.083538,0.996345,0.000000,
			0.000000,12.864401,0.000000,1.000000;;,
			14;16;
			0.999730,0.006997,-0.022145,0.000000,
			-0.008823,0.996470,-0.083484,0.000000,
			0.021483,0.083657,0.996263,0.000000,
			0.000000,12.864401,0.000000,1.000000;;,
			15;16;
			0.999812,0.007189,-0.018023,0.000000,
			-0.008684,0.996406,-0.084255,0.000000,
			0.017353,0.084396,0.996281,0.000000,
			0.000000,12.864401,0.000000,1.000000;;,
			16;16;
			0.999870,0.007286,-0.014381,0.000000,
			-0.008479,0.996367,-0.084738,0.000000,
			0.013711,0.084849,0.996300,0.000000,
			0.000000,12.864401,0.000000,1.000000;;;
		}
	}
	Animation {
		{mixamorig_Spine2}
		AnimationKey {
			4;
			17;
			0;16;
			0.999861,0.004601,0.016010,0.000000,
			-0.002201,0.989163,-0.146806,0.000000,
			-0.016512,0.146751,0.989036,0.000000,
			0.000000,14.702159,-0.000000,1.000000;;,
			1;16;
			0.999926,0.004793,0.011217,0.000000,
			-0.003093,0.989131,-0.147005,0.000000,
			-0.011799,0.146960,0.989072,0.000000,
			0.000000,14.702159,-0.000000,1.000000;;,
			2;16;
			0.999986,0.005273,0.000096,0.000000,
			-0.005202,0.989191,-0.146541,0.000000,
			-0.000867,0.146538,0.989205,0.000000,
			0.000000,14.702159,-0.000000,1.000000;;,
			3;16;
			0.999985,0.005369,-0.000863,0.000000,
			-0.005437,0.989190,-0.146541,0.000000,
			0.000067,0.146543,0.989204,0.000000,
			0.000000,14.702159,-0.000000,1.000000;;,
			4;16;
			0.999986,0.005273,0.000767,0.000000,
			-0.005104,0.989177,-0.146635,0.000000,
			-0.001531,0.146629,0.989190,0.000000,
			0.000000,14.702159,-0.000000,1.000000;;,
			5;16;
			0.999985,0.005273,0.001246,0.000000,
			-0.005033,0.989192,-0.146541,0.000000,
			-0.002006,0.146532,0.989204,0.000000,
			0.000000,14.702159,-0.000000,1.000000;;,
			6;16;
			0.999985,0.005369,-0.001438,0.000000,
			-0.005522,0.989231,-0.146256,0.000000,
			0.000637,0.146262,0.989246,0.000000,
			0.000000,14.702159,-0.000000,1.000000;;,
			7;16;
			0.999971,0.005465,-0.005273,0.000000,
			-0.006175,0.989298,-0.145780,0.000000,
			0.004420,0.145808,0.989303,0.000000,
			0.000000,14.702159,-0.000000,1.000000;;,
			8;16;
			0.999948,0.005656,-0.008437,0.000000,
			-0.006823,0.989350,-0.145397,0.000000,
			0.007525,0.145447,0.989337,0.000000,
			0.000000,14.702159,-0.000000,1.000000;;,
			9;16;
			0.999948,0.005656,-0.008437,0.000000,
			-0.006822,0.989364,-0.145302,0.000000,
			0.007525,0.145352,0.989351,0.000000,
			0.000000,14.702159,-0.000000,1.000000;;,
			10;16;
			0.999969,0.005656,-0.005465,0.000000,
			-0.006391,0.989366,-0.145305,0.000000,
			0.004585,0.145336,0.989372,0.000000,
			0.000000,14.702159,-0.000000,1.000000;;,
			11;16;
			0.999983,0.005657,-0.001630,0.000000,
			-0.005834,0.989327,-0.145592,0.000000,
			0.000789,0.145599,0.989343,0.000000,
			0.000000,14.702159,-0.000000,1.000000;;,
			12;16;
			0.999930,0.005848,-0.010258,0.000000,
			-0.007275,0.989389,-0.145110,0.000000,
			0.009301,0.145175,0.989362,0.000000,
			0.000000,14.702159,-0.000000,1.000000;;,
			13;16;
			0.999794,0.006135,-0.019365,0.000000,
			-0.008874,0.989434,-0.144711,0.000000,
			0.018273,0.144853,0.989284,0.000000,
			0.000000,14.702159,-0.000000,1.000000;;,
			14;16;
			0.999715,0.006326,-0.023008,0.000000,
			-0.009593,0.989415,-0.144795,0.000000,
			0.021848,0.144975,0.989194,0.000000,
			0.000000,14.702159,-0.000000,1.000000;;,
			15;16;
			0.999803,0.006135,-0.018886,0.000000,
			-0.008820,0.989309,-0.145566,0.000000,
			0.017791,0.145704,0.989168,0.000000,
			0.000000,14.702159,-0.000000,1.000000;;,
			16;16;
			0.999866,0.006039,-0.015243,0.000000,
			-0.008202,0.989243,-0.146050,0.000000,
			0.014197,0.146155,0.989160,0.000000,
			0.000000,14.702159,-0.000000,1.000000;;;
		}
	}
	Animation {
		{mixamorig_Neck}
		AnimationKey {
			4;
			17;
			0;16;
			0.995259,0.007841,0.096940,0.000000,
			0.003531,0.993174,-0.116586,0.000000,
			-0.097193,0.116375,0.988438,0.000000,
			0.000000,16.539940,-0.000002,1.000000;;,
			1;16;
			0.995437,-0.012039,0.094659,0.000000,
			0.015680,0.999162,-0.037815,0.000000,
			-0.094125,0.039126,0.994791,0.000000,
			0.000000,16.539940,-0.000002,1.000000;;,
			2;16;
			0.995600,-0.030197,0.088708,0.000000,
			0.027225,0.999033,0.034515,0.000000,
			-0.089665,-0.031948,0.995459,0.000000,
			0.000000,16.539940,-0.000002,1.000000;;,
			3;16;
			0.995673,-0.034992,0.086089,0.000000,
			0.030582,0.998178,0.052016,0.000000,
			-0.087752,-0.049158,0.994929,0.000000,
			0.000000,16.539940,-0.000002,1.000000;;,
			4;16;
			0.995755,-0.036155,0.084641,0.000000,
			0.031794,0.998124,0.052321,0.000000,
			-0.086374,-0.049408,0.995037,0.000000,
			0.000000,16.539940,-0.000002,1.000000;;,
			5;16;
			0.995844,-0.036536,0.083423,0.000000,
			0.032610,0.998317,0.047946,0.000000,
			-0.085035,-0.045026,0.995360,0.000000,
			0.000000,16.539940,-0.000002,1.000000;;,
			6;16;
			0.995940,-0.036528,0.082273,0.000000,
			0.033256,0.998614,0.040798,0.000000,
			-0.083649,-0.037896,0.995774,0.000000,
			0.000000,16.539940,-0.000002,1.000000;;,
			7;16;
			0.996036,-0.036125,0.081285,0.000000,
			0.033679,0.998944,0.031256,0.000000,
			-0.082329,-0.028395,0.996201,0.000000,
			0.000000,16.539940,-0.000002,1.000000;;,
			8;16;
			0.996131,-0.035524,0.080379,0.000000,
			0.034005,0.999218,0.020180,0.000000,
			-0.081033,-0.017369,0.996560,0.000000,
			0.000000,16.539940,-0.000002,1.000000;;,
			9;16;
			0.996226,-0.034724,0.079554,0.000000,
			0.034191,0.999383,0.008048,0.000000,
			-0.079784,-0.005297,0.996798,0.000000,
			0.000000,16.539940,-0.000002,1.000000;;,
			10;16;
			0.996315,-0.033823,0.078817,0.000000,
			0.034289,0.999402,-0.004566,0.000000,
			-0.078615,0.007252,0.996879,0.000000,
			0.000000,16.539940,-0.000002,1.000000;;,
			11;16;
			0.996389,-0.032906,0.078271,0.000000,
			0.034328,0.999268,-0.016895,0.000000,
			-0.077658,0.019521,0.996789,0.000000,
			0.000000,16.539940,-0.000002,1.000000;;,
			12;16;
			0.996462,-0.031989,0.077725,0.000000,
			0.034283,0.999010,-0.028362,0.000000,
			-0.076741,0.030926,0.996571,0.000000,
			0.000000,16.539940,-0.000002,1.000000;;,
			13;16;
			0.996512,-0.031249,0.077383,0.000000,
			0.034298,0.998674,-0.038394,0.000000,
			-0.076081,0.040914,0.996262,0.000000,
			0.000000,16.539940,-0.000002,1.000000;;,
			14;16;
			0.996554,-0.030698,0.077055,0.000000,
			0.034335,0.998336,-0.046321,0.000000,
			-0.075505,0.048807,0.995950,0.000000,
			0.000000,16.539940,-0.000002,1.000000;;,
			15;16;
			0.996575,-0.030325,0.076932,0.000000,
			0.034323,0.998099,-0.051191,0.000000,
			-0.075234,0.053657,0.995721,0.000000,
			0.000000,16.539940,-0.000002,1.000000;;,
			16;16;
			0.996582,-0.030134,0.076918,0.000000,
			0.034297,0.997985,-0.053387,0.000000,
			-0.075154,0.055843,0.995607,0.000000,
			0.000000,16.539940,-0.000002,1.000000;;;
		}
	}
	Animation {
		{mixamorig_Head}
		AnimationKey {
			4;
			17;
			0;16;
			0.790225,-0.102777,0.604137,0.000000,
			0.101682,0.994161,0.036125,0.000000,
			-0.604322,0.032883,0.796061,0.000000,
			0.000000,6.188477,-2.321620,1.000000;;,
			1;16;
			0.800800,-0.191800,0.567391,0.000000,
			0.106932,0.977902,0.179648,0.000000,
			-0.589309,-0.083190,0.803613,0.000000,
			0.000000,6.188477,-2.321620,1.000000;;,
			2;16;
			0.815290,-0.258713,0.518044,0.000000,
			0.108252,0.946966,0.302552,0.000000,
			-0.568844,-0.190588,0.800058,0.000000,
			0.000000,6.188477,-2.321620,1.000000;;,
			3;16;
			0.822899,-0.267306,0.501383,0.000000,
			0.105673,0.939030,0.327195,0.000000,
			-0.558275,-0.216266,0.800973,0.000000,
			0.000000,6.188477,-2.321620,1.000000;;,
			4;16;
			0.830500,-0.256109,0.494649,0.000000,
			0.100308,0.942277,0.319457,0.000000,
			-0.547912,-0.215692,0.808251,0.000000,
			0.000000,6.188477,-2.321620,1.000000;;,
			5;16;
			0.839032,-0.237917,0.489307,0.000000,
			0.093133,0.948854,0.301664,0.000000,
			-0.536052,-0.207535,0.818277,0.000000,
			0.000000,6.188477,-2.321620,1.000000;;,
			6;16;
			0.848281,-0.215164,0.483862,0.000000,
			0.084679,0.957089,0.277144,0.000000,
			-0.522731,-0.194123,0.830101,0.000000,
			0.000000,6.188477,-2.321620,1.000000;;,
			7;16;
			0.857850,-0.189184,0.477810,0.000000,
			0.075271,0.966001,0.247337,0.000000,
			-0.508357,-0.176213,0.842924,0.000000,
			0.000000,6.188477,-2.321620,1.000000;;,
			8;16;
			0.867304,-0.161393,0.470889,0.000000,
			0.065308,0.974696,0.213781,0.000000,
			-0.493477,-0.154660,0.855898,0.000000,
			0.000000,6.188477,-2.321620,1.000000;;,
			9;16;
			0.876409,-0.133010,0.462835,0.000000,
			0.055142,0.982496,0.177935,0.000000,
			-0.478400,-0.130422,0.868403,0.000000,
			0.000000,6.188477,-2.321620,1.000000;;,
			10;16;
			0.884863,-0.105263,0.453802,0.000000,
			0.045086,0.988915,0.141475,0.000000,
			-0.463664,-0.104725,0.879800,0.000000,
			0.000000,6.188477,-2.321620,1.000000;;,
			11;16;
			0.892403,-0.079349,0.444208,0.000000,
			0.035550,0.993721,0.106089,0.000000,
			-0.449837,-0.078883,0.889620,0.000000,
			0.000000,6.188477,-2.321620,1.000000;;,
			12;16;
			0.898883,-0.056262,0.434562,0.000000,
			0.026914,0.996939,0.073401,0.000000,
			-0.437362,-0.054283,0.897646,0.000000,
			0.000000,6.188477,-2.321620,1.000000;;,
			13;16;
			0.904175,-0.036949,0.425561,0.000000,
			0.019590,0.998791,0.045096,0.000000,
			-0.426712,-0.032438,0.903806,0.000000,
			0.000000,6.188477,-2.321620,1.000000;;,
			14;16;
			0.908136,-0.022206,0.418085,0.000000,
			0.013900,0.999641,0.022903,0.000000,
			-0.418444,-0.014988,0.908119,0.000000,
			0.000000,6.188477,-2.321620,1.000000;;,
			15;16;
			0.910464,-0.013269,0.413376,0.000000,
			0.010371,0.999903,0.009254,0.000000,
			-0.413459,-0.004138,0.910513,0.000000,
			0.000000,6.188477,-2.321620,1.000000;;,
			16;16;
			0.911461,-0.009351,0.411280,0.000000,
			0.008799,0.999956,0.003233,0.000000,
			-0.411292,0.000672,0.911503,0.000000,
			0.000000,6.188477,-2.321620,1.000000;;;
		}
	}
	Animation {
		{mixamorig_LeftShoulder}
		AnimationKey {
			4;
			17;
			0;16;
			0.400649,0.136972,0.905935,0.000000,
			0.865718,-0.380362,-0.325355,0.000000,
			0.300019,0.914638,-0.270971,0.000000,
			7.985327,14.403621,0.124439,1.000000;;,
			1;16;
			0.463773,0.088400,0.881533,0.000000,
			0.809007,-0.447851,-0.380707,0.000000,
			0.361141,0.889727,-0.279217,0.000000,
			7.985327,14.403621,0.124439,1.000000;;,
			2;16;
			0.498134,0.055207,0.865340,0.000000,
			0.772053,-0.482522,-0.413650,0.000000,
			0.394709,0.874142,-0.282983,0.000000,
			7.985327,14.403621,0.124439,1.000000;;,
			3;16;
			0.507775,0.045808,0.860271,0.000000,
			0.761050,-0.491788,-0.423022,0.000000,
			0.403693,0.869509,-0.284580,0.000000,
			7.985327,14.403621,0.124439,1.000000;;,
			4;16;
			0.510155,0.043710,0.858971,0.000000,
			0.758543,-0.493615,-0.425391,0.000000,
			0.405407,0.868582,-0.284976,0.000000,
			7.985327,14.403621,0.124439,1.000000;;,
			5;16;
			0.506860,0.048200,0.860680,0.000000,
			0.765919,-0.483324,-0.423987,0.000000,
			0.395551,0.874114,-0.281895,0.000000,
			7.985327,14.403621,0.124439,1.000000;;,
			6;16;
			0.499306,0.056164,0.864603,0.000000,
			0.780945,-0.461372,-0.421024,0.000000,
			0.375258,0.885427,-0.274226,0.000000,
			7.985327,14.403621,0.124439,1.000000;;,
			7;16;
			0.487973,0.064445,0.870477,0.000000,
			0.800314,-0.431087,-0.416726,0.000000,
			0.348395,0.900006,-0.261935,0.000000,
			7.985327,14.403621,0.124439,1.000000;;,
			8;16;
			0.473797,0.069583,0.877881,0.000000,
			0.820900,-0.395788,-0.411673,0.000000,
			0.318809,0.915702,-0.244644,0.000000,
			7.985327,14.403621,0.124439,1.000000;;,
			9;16;
			0.457357,0.067138,0.886745,0.000000,
			0.839502,-0.361540,-0.405617,0.000000,
			0.293362,0.929936,-0.221716,0.000000,
			7.985327,14.403621,0.124439,1.000000;;,
			10;16;
			0.439429,0.056089,0.896524,0.000000,
			0.855404,-0.330786,-0.398579,0.000000,
			0.274202,0.942037,-0.193336,0.000000,
			7.985327,14.403621,0.124439,1.000000;;,
			11;16;
			0.421797,0.038053,0.905891,0.000000,
			0.868518,-0.303809,-0.391634,0.000000,
			0.260315,0.951973,-0.161196,0.000000,
			7.985327,14.403621,0.124439,1.000000;;,
			12;16;
			0.401758,0.014873,0.915625,0.000000,
			0.880697,-0.280249,-0.381880,0.000000,
			0.250923,0.959812,-0.125691,0.000000,
			7.985327,14.403621,0.124439,1.000000;;,
			13;16;
			0.381388,-0.015726,0.924281,0.000000,
			0.888193,-0.270912,-0.371106,0.000000,
			0.256235,0.962476,-0.089355,0.000000,
			7.985327,14.403621,0.124439,1.000000;;,
			14;16;
			0.362185,-0.048327,0.930853,0.000000,
			0.893707,-0.265681,-0.361526,0.000000,
			0.264782,0.962849,-0.053035,0.000000,
			7.985327,14.403621,0.124439,1.000000;;,
			15;16;
			0.338959,-0.086170,0.936846,0.000000,
			0.900306,-0.259300,-0.349589,0.000000,
			0.273049,0.961945,-0.010313,0.000000,
			7.985327,14.403621,0.124439,1.000000;;,
			16;16;
			0.324851,-0.108401,0.939532,0.000000,
			0.904296,-0.255339,-0.342128,0.000000,
			0.276986,0.960756,0.015080,0.000000,
			7.985327,14.403621,0.124439,1.000000;;;
		}
	}
	Animation {
		{mixamorig_LeftArm}
		AnimationKey {
			4;
			17;
			0;16;
			0.898228,-0.088710,-0.430484,0.000000,
			-0.262760,0.676753,-0.687723,0.000000,
