xof 0303txt 0032
Frame Ch44 {
	FrameTransformMatrix {
		1.000000,0.000000,0.000000,0.000000,
		0.000000,1.000000,0.000000,0.000000,
		0.000000,0.000000,1.000000,0.000000,
		0.000000,0.000000,0.000000,1.000000;;
	}
}
Frame mixamorig_Hips {
	FrameTransformMatrix {
		1.000000,0.000000,0.000000,0.000000,
		0.000000,1.000000,0.000000,0.000000,
		0.000000,0.000000,1.000000,0.000000,
		0.000000,103.266609,-1.469107,1.000000;;
	}
	Frame mixamorig_Spine {
		FrameTransformMatrix {
			1.000000,0.000000,0.000000,0.000000,
			0.000000,0.997344,0.072829,0.000000,
			0.000000,-0.072829,0.997344,0.000000,
			0.000000,10.997345,0.803058,1.000000;;
		}
		Frame mixamorig_Spine1 {
			FrameTransformMatrix {
				1.000000,0.000000,0.000000,0.000000,
				0.000000,1.000000,0.000000,0.000000,
				0.000000,-0.000000,1.000000,0.000000,
				0.000000,12.864401,0.000000,1.000000;;
			}
			Frame mixamorig_Spine2 {
				FrameTransformMatrix {
					1.000000,0.000000,0.000000,0.000000,
					0.000000,1.000000,0.000000,0.000000,
					0.000000,0.000000,1.000000,0.000000,
					0.000000,14.702159,-0.000000,1.000000;;
				}
				Frame mixamorig_Neck {
					FrameTransformMatrix {
						1.000000,0.000000,0.000000,0.000000,
						0.000000,0.997344,-0.072829,0.000000,
						0.000000,0.072829,0.997344,0.000000,
						0.000000,16.539940,-0.000002,1.000000;;
					}
					Frame mixamorig_Head {
						FrameTransformMatrix {
							1.000000,0.000000,0.000000,0.000000,
							0.000000,1.000000,0.000000,0.000000,
							0.000000,0.000000,1.000000,0.000000,
							0.000000,6.188477,-2.321620,1.000000;;
						}
						Frame mixamorig_HeadTop_End {
							FrameTransformMatrix {
								1.000000,0.000000,0.000000,0.000000,
								0.000000,1.000000,0.000000,0.000000,
								0.000000,0.000000,1.000000,0.000000,
								0.000000,23.717819,-8.897791,1.000000;;
							}
						}
					}
				}
				Frame mixamorig_LeftShoulder {
					FrameTransformMatrix {
						-0.015629,0.000026,0.999878,0.000000,
						0.965663,-0.259358,0.015101,0.000000,
						0.259327,0.965781,0.004028,0.000000,
						7.985327,14.403621,0.124439,1.000000;;
					}
					Frame mixamorig_LeftArm {
						FrameTransformMatrix {
							0.997591,-0.069377,0.000000,0.000000,
							0.068756,0.988660,0.133504,0.000000,
							-0.009262,-0.133183,0.991048,0.000000,
							0.000000,16.443417,-0.000000,1.000000;;
						}
						Frame mixamorig_LeftForeArm {
							FrameTransformMatrix {
								0.973581,0.228340,0.000000,0.000000,
								-0.227190,0.968679,0.100224,0.000000,
								0.022885,-0.097576,0.994965,0.000000,
								0.000000,20.702911,-0.000000,1.000000;;
							}
							Frame mixamorig_LeftHand {
								FrameTransformMatrix {
									0.972875,0.064872,-0.222050,0.000000,
									-0.112243,0.971690,-0.207893,0.000000,
									0.202277,0.227177,0.952615,0.000000,
									-0.000000,28.480791,-0.000000,1.000000;;
								}
								Frame mixamorig_LeftHandThumb1 {
									FrameTransformMatrix {
										0.781580,0.623805,-0.000000,0.000000,
										-0.593986,0.744218,-0.305484,0.000000,
										-0.190562,0.238760,0.952197,0.000000,
										-2.770290,3.260447,-1.371969,1.000000;;
									}
									Frame mixamorig_LeftHandThumb2 {
										FrameTransformMatrix {
											1.000000,0.000000,0.000000,0.000000,
											0.000000,0.989067,-0.147469,0.000000,
											-0.000000,0.147469,0.989067,0.000000,
											-0.105061,3.592884,0.000000,1.000000;;
										}
										Frame mixamorig_LeftHandThumb3 {
											FrameTransformMatrix {
												1.000000,0.000000,-0.000000,0.000000,
												-0.000000,0.998617,-0.052569,0.000000,
												0.000000,0.052569,0.998617,0.000000,
												-0.033138,3.493665,0.000000,1.000000;;
											}
											Frame mixamorig_LeftHandThumb4 {
												FrameTransformMatrix {
													1.000000,0.000000,0.000000,0.000000,
													0.000000,1.000000,-0.000000,0.000000,
													-0.000000,0.000000,1.000000,0.000000,
													0.138198,2.622627,-0.000000,1.000000;;
												}
											}
										}
									}
								}
								Frame mixamorig_LeftHandIndex1 {
									FrameTransformMatrix {
										0.975732,0.218968,0.000000,0.000000,
										-0.218358,0.973014,-0.074591,0.000000,
										-0.016333,0.072780,0.997214,0.000000,
										-3.258903,10.756469,-0.003820,1.000000;;
									}
									Frame mixamorig_LeftHandIndex2 {
										FrameTransformMatrix {
											1.000000,0.000000,0.000000,0.000000,
											0.000000,0.949059,-0.315097,0.000000,
											0.000000,0.315097,0.949059,0.000000,
											0.109371,2.853128,-0.000000,1.000000;;
										}
										Frame mixamorig_LeftHandIndex3 {
											FrameTransformMatrix {
												1.000000,-0.000000,0.000000,0.000000,
												0.000000,0.999972,0.007531,0.000000,
												-0.000000,-0.007531,0.999972,0.000000,
												-0.061237,2.685963,-0.000000,1.000000;;
											}
											Frame mixamorig_LeftHandIndex4 {
												FrameTransformMatrix {
													1.000000,0.000000,-0.000000,0.000000,
													0.000000,1.000000,0.000000,0.000000,
													0.000000,-0.000000,1.000000,0.000000,
													-0.048135,2.249833,0.000000,1.000000;;
												}
											}
										}
									}
								}
								Frame mixamorig_LeftHandMiddle1 {
									FrameTransformMatrix {
										0.999615,-0.027734,0.000000,0.000000,
										0.027726,0.999345,-0.023271,0.000000,
										0.000645,0.023262,0.999729,0.000000,
										-1.104982,11.061543,0.178979,1.000000;;
									}
									Frame mixamorig_LeftHandMiddle2 {
										FrameTransformMatrix {
											1.000000,-0.000000,0.000000,0.000000,
											0.000000,0.908301,-0.418317,0.000000,
											-0.000000,0.418317,0.908301,0.000000,
											0.088648,3.112893,-0.000000,1.000000;;
										}
										Frame mixamorig_LeftHandMiddle3 {
											FrameTransformMatrix {
												1.000000,0.000000,0.000000,0.000000,
												0.000000,0.997395,-0.072133,0.000000,
												0.000000,0.072133,0.997395,0.000000,
												-0.039374,3.016294,0.000000,1.000000;;
											}
											Frame mixamorig_LeftHandMiddle4 {
												FrameTransformMatrix {
													1.000000,-0.000000,0.000000,0.000000,
													0.000000,1.000000,-0.000000,0.000000,
													-0.000000,0.000000,1.000000,0.000000,
													-0.049274,2.467938,-0.000000,1.000000;;
												}
											}
										}
									}
								}
								Frame mixamorig_LeftHandRing1 {
									FrameTransformMatrix {
										0.989613,-0.143755,-0.000000,0.000000,
										0.142955,0.984103,-0.105385,0.000000,
										0.015150,0.104291,0.994431,0.000000,
										1.260879,10.768150,0.117530,1.000000;;
									}
									Frame mixamorig_LeftHandRing2 {
										FrameTransformMatrix {
											1.000000,0.000000,0.000000,0.000000,
											0.000000,0.958275,-0.285846,0.000000,
											-0.000000,0.285846,0.958275,0.000000,
											0.039008,2.933240,-0.000000,1.000000;;
										}
										Frame mixamorig_LeftHandRing3 {
											FrameTransformMatrix {
												1.000000,0.000000,0.000000,0.000000,
												-0.000000,0.970306,-0.241881,0.000000,
												-0.000000,0.241881,0.970306,0.000000,
												-0.003802,2.869819,0.000000,1.000000;;
											}
											Frame mixamorig_LeftHandRing4 {
												FrameTransformMatrix {
													1.000000,-0.000000,0.000000,0.000000,
													0.000000,1.000000,0.000000,0.000000,
													-0.000000,-0.000000,1.000000,0.000000,
													-0.035205,2.582460,0.000000,1.000000;;
												}
											}
										}
									}
								}
								Frame mixamorig_LeftHandPinky1 {
									FrameTransformMatrix {
										0.923757,-0.382980,-0.000000,0.000000,
										0.371070,0.895028,-0.247451,0.000000,
										0.094769,0.228585,0.968900,0.000000,
										3.103006,9.804624,0.256461,1.000000;;
									}
									Frame mixamorig_LeftHandPinky2 {
										FrameTransformMatrix {
											1.000000,-0.000000,0.000000,0.000000,
											0.000000,0.953661,-0.300883,0.000000,
											0.000000,0.300883,0.953661,0.000000,
											-0.028648,2.793061,-0.000000,1.000000;;
										}
										Frame mixamorig_LeftHandPinky3 {
											FrameTransformMatrix {
												1.000000,-0.000000,0.000000,0.000000,
												0.000000,0.980726,-0.195386,0.000000,
												-0.000000,0.195386,0.980726,0.000000,
												0.003506,2.307577,-0.000000,1.000000;;
											}
											Frame mixamorig_LeftHandPinky4 {
												FrameTransformMatrix {
													1.000000,-0.000000,0.000000,0.000000,
													0.000000,1.000000,-0.000000,0.000000,
													-0.000000,0.000000,1.000000,0.000000,
													0.025142,2.027596,-0.000000,1.000000;;
												}
											}
										}
									}
								}
							}
						}
					}
				}
				Frame mixamorig_RightShoulder {
					FrameTransformMatrix {
						-0.023526,-0.000048,-0.999723,0.000000,
						-0.965663,-0.258801,0.022737,0.000000,
						-0.258730,0.965931,0.006042,0.000000,
						-7.985327,14.408205,0.187225,1.000000;;
					}
					Frame mixamorig_RightArm {
						FrameTransformMatrix {
							0.998693,0.051120,-0.000000,0.000000,
							-0.050671,0.989904,0.132371,0.000000,
							0.006767,-0.132198,0.991200,0.000000,
							0.000000,16.443417,-0.000000,1.000000;;
						}
						Frame mixamorig_RightForeArm {
							FrameTransformMatrix {
								0.975661,-0.219282,-0.000000,0.000000,
								0.218182,0.970764,0.100070,0.000000,
								-0.021944,-0.097635,0.994980,0.000000,
								-0.000000,20.688032,-0.000000,1.000000;;
							}
							Frame mixamorig_RightHand {
								FrameTransformMatrix {
									0.974043,-0.050031,0.220765,0.000000,
									0.097225,0.973196,-0.208415,0.000000,
									-0.204420,0.224469,0.952799,0.000000,
									-0.000000,28.483500,-0.000000,1.000000;;
								}
								Frame mixamorig_RightHandThumb1 {
									FrameTransformMatrix {
										0.765509,-0.643426,0.000000,0.000000,
										0.613035,0.729352,-0.303698,0.000000,
										0.195407,0.232484,0.952768,0.000000,
										2.698716,3.058632,-1.299813,1.000000;;
									}
									Frame mixamorig_RightHandThumb2 {
										FrameTransformMatrix {
											1.000000,-0.000000,-0.000000,0.000000,
											0.000000,0.987204,-0.159463,0.000000,
											0.000000,0.159463,0.987204,0.000000,
											0.078305,3.423988,0.000000,1.000000;;
										}
										Frame mixamorig_RightHandThumb3 {
											FrameTransformMatrix {
												1.000000,0.000000,-0.000000,0.000000,
												-0.000000,0.999012,-0.044446,0.000000,
												0.000000,0.044446,0.999012,0.000000,
												-0.053042,3.564641,-0.000000,1.000000;;
											}
											Frame mixamorig_RightHandThumb4 {
												FrameTransformMatrix {
													1.000000,-0.000000,0.000000,0.000000,
													0.000000,1.000000,-0.000000,0.000000,
													0.000000,0.000000,1.000000,0.000000,
													-0.025264,3.087018,-0.000000,1.000000;;
												}
											}
										}
									}
								}
								Frame mixamorig_RightHandIndex1 {
									FrameTransformMatrix {
										0.978087,-0.208195,0.000000,0.000000,
										0.206884,0.971927,-0.112062,0.000000,
										0.023331,0.109607,0.993701,0.000000,
										3.329366,10.756874,0.008224,1.000000;;
									}
									Frame mixamorig_RightHandIndex2 {
										FrameTransformMatrix {
											1.000000,-0.000000,0.000000,0.000000,
											0.000000,0.959553,-0.281529,0.000000,
											0.000000,0.281529,0.959553,0.000000,
											-0.077823,2.776619,0.000000,1.000000;;
										}
										Frame mixamorig_RightHandIndex3 {
											FrameTransformMatrix {
												1.000000,0.000000,0.000000,0.000000,
												-0.000000,0.997985,0.063452,0.000000,
												-0.000000,-0.063452,0.997985,0.000000,
												0.057177,2.737660,-0.000000,1.000000;;
											}
											Frame mixamorig_RightHandIndex4 {
												FrameTransformMatrix {
													1.000000,0.000000,0.000000,0.000000,
													-0.000000,1.000000,0.000000,0.000000,
													-0.000000,-0.000000,1.000000,0.000000,
													0.020645,2.185542,0.000000,1.000000;;
												}
											}
										}
									}
								}
								Frame mixamorig_RightHandMiddle1 {
									FrameTransformMatrix {
										0.999995,-0.003233,-0.000000,0.000000,
										0.003224,0.997271,-0.073758,0.000000,
										0.000238,0.073758,0.997276,0.000000,
										1.147194,11.013397,0.263927,1.000000;;
									}
									Frame mixamorig_RightHandMiddle2 {
										FrameTransformMatrix {
											1.000000,-0.000000,0.000000,0.000000,
											0.000000,0.929103,-0.369821,0.000000,
											-0.000000,0.369821,0.929103,0.000000,
											-0.085029,3.240009,0.000000,1.000000;;
										}
										Frame mixamorig_RightHandMiddle3 {
											FrameTransformMatrix {
												1.000000,0.000000,0.000000,0.000000,
												0.000000,0.989832,-0.142239,0.000000,
												0.000000,0.142239,0.989832,0.000000,
												0.027768,3.001971,0.000000,1.000000;;
											}
											Frame mixamorig_RightHandMiddle4 {
												FrameTransformMatrix {
													1.000000,-0.000000,0.000000,0.000000,
													0.000000,1.000000,-0.000000,0.000000,
													-0.000000,0.000000,1.000000,0.000000,
													0.057261,2.538451,-0.000000,1.000000;;
												}
											}
										}
									}
								}
								Frame mixamorig_RightHandRing1 {
									FrameTransformMatrix {
										0.994430,0.105395,-0.000000,0.000000,
										-0.104525,0.986228,-0.128177,0.000000,
										-0.013509,0.127463,0.991751,0.000000,
										-1.318436,11.095921,0.178815,1.000000;;
									}
									Frame mixamorig_RightHandRing2 {
										FrameTransformMatrix {
											1.000000,0.000000,0.000000,0.000000,
											0.000000,0.949020,-0.315216,0.000000,
											0.000000,0.315216,0.949020,0.000000,
											-0.037767,2.875236,-0.000000,1.000000;;
										}
										Frame mixamorig_RightHandRing3 {
											FrameTransformMatrix {
												1.000000,0.000000,-0.000000,0.000000,
												-0.000000,0.984593,-0.174859,0.000000,
												0.000000,0.174859,0.984593,0.000000,
												0.008583,2.694868,-0.000000,1.000000;;
											}
											Frame mixamorig_RightHandRing4 {
												FrameTransformMatrix {
													1.000000,-0.000000,0.000000,0.000000,
													0.000000,1.000000,0.000000,0.000000,
													-0.000000,-0.000000,1.000000,0.000000,
													0.029184,2.360416,-0.000000,1.000000;;
												}
											}
										}
									}
								}
								Frame mixamorig_RightHandPinky1 {
									FrameTransformMatrix {
										0.950507,0.310705,-0.000000,0.000000,
										-0.304759,0.932319,-0.194688,0.000000,
										-0.060490,0.185052,0.980865,0.000000,
										-3.158124,9.809884,0.152362,1.000000;;
									}
									Frame mixamorig_RightHandPinky2 {
										FrameTransformMatrix {
											1.000000,-0.000000,0.000000,0.000000,
											0.000000,0.919506,-0.393077,0.000000,
											0.000000,0.393077,0.919506,0.000000,
											0.016399,2.855931,-0.000000,1.000000;;
										}
										Frame mixamorig_RightHandPinky3 {
											FrameTransformMatrix {
												1.000000,-0.000000,0.000000,0.000000,
												0.000000,0.974769,-0.223216,0.000000,
												-0.000000,0.223216,0.974769,0.000000,
												-0.005530,2.304318,-0.000000,1.000000;;
											}
											Frame mixamorig_RightHandPinky4 {
												FrameTransformMatrix {
													1.000000,-0.000000,0.000000,0.000000,
													0.000000,1.000000,0.000000,0.000000,
													-0.000000,-0.000000,1.000000,0.000000,
													-0.010869,1.994622,-0.000000,1.000000;;
												}
											}
										}
									}
								}
							}
						}
					}
				}
			}
		}
	}
	Frame mixamorig_LeftUpLeg {
		FrameTransformMatrix {
			-0.994837,-0.101308,0.006047,0.000000,
			0.101488,-0.993069,0.059281,0.000000,
			0.000000,0.059588,0.998223,0.000000,
			9.640739,-6.119278,-0.586611,1.000000;;
		}
		Frame mixamorig_LeftLeg {
			FrameTransformMatrix {
				0.999911,0.013370,-0.000000,0.000000,
				-0.013348,0.998315,0.056467,0.000000,
				0.000755,-0.056462,0.998404,0.000000,
				0.000000,45.053291,-0.000000,1.000000;;
			}
			Frame mixamorig_LeftFoot {
				FrameTransformMatrix {
					0.976062,-0.000000,-0.217492,0.000000,
					-0.189754,0.488677,-0.851580,0.000000,
					0.106283,0.872465,0.476979,0.000000,
					0.000000,42.823772,-0.000000,1.000000;;
				}
				Frame mixamorig_LeftToeBase {
					FrameTransformMatrix {
						0.995585,0.000000,-0.093863,0.000000,
						-0.051165,0.838369,-0.542697,0.000000,
						0.078692,0.545103,0.834667,0.000000,
						0.000000,16.588381,0.000000,1.000000;;
					}
					Frame mixamorig_LeftToe_End {
						FrameTransformMatrix {
							1.000000,0.000000,-0.000000,0.000000,
							-0.000000,1.000000,-0.000000,0.000000,
							0.000000,0.000000,1.000000,0.000000,
							-0.000000,6.714916,0.000000,1.000000;;
						}
					}
				}
			}
		}
	}
	Frame mixamorig_RightUpLeg {
		FrameTransformMatrix {
			-0.994833,0.101387,-0.005333,0.000000,
			-0.101528,-0.993459,0.052260,0.000000,
			-0.000000,0.052531,0.998619,0.000000,
			-9.640739,-6.119278,-0.358860,1.000000;;
		}
		Frame mixamorig_RightLeg {
			FrameTransformMatrix {
				0.999911,-0.013365,0.000000,0.000000,
				0.013336,0.997752,0.065681,0.000000,
				-0.000878,-0.065675,0.997841,0.000000,
				-0.000000,45.035599,0.000000,1.000000;;
			}
			Frame mixamorig_RightFoot {
				FrameTransformMatrix {
					0.976864,0.000000,0.213861,0.000000,
					0.187468,0.481234,-0.856311,0.000000,
					-0.102917,0.876592,0.470100,0.000000,
					-0.000000,42.834618,-0.000000,1.000000;;
				}
				Frame mixamorig_RightToeBase {
					FrameTransformMatrix {
						0.994956,0.000000,0.100310,0.000000,
						0.054161,0.841704,-0.537215,0.000000,
						-0.084431,0.539939,0.837459,0.000000,
						-0.000000,16.735941,0.000000,1.000000;;
					}
					Frame mixamorig_RightToe_End {
						FrameTransformMatrix {
							1.000000,0.000000,0.000000,0.000000,
							-0.000000,1.000000,0.000000,0.000000,
							-0.000000,-0.000000,1.000000,0.000000,
							-0.000000,6.713154,-0.000000,1.000000;;
						}
					}
				}
			}
		}
	}
}
AnimationSet Reloading {
	Animation {
		{mixamorig_Hips}
		AnimationKey {
			4;
			100;
			0;16;
			0.766878,-0.024271,0.641334,0.000000,
			-0.126879,0.973829,0.188569,0.000000,
			-0.629126,-0.225981,0.743729,0.000000,
			-0.752337,99.608932,0.852118,1.000000;;,
			1;16;
			0.766991,-0.024569,0.641187,0.000000,
			-0.126469,0.973877,0.188600,0.000000,
			-0.629071,-0.225744,0.743848,0.000000,
			-0.710518,99.613716,0.835719,1.000000;;,
			2;16;
			0.767336,-0.025316,0.640745,0.000000,
			-0.125487,0.973972,0.188762,0.000000,
			-0.628847,-0.225249,0.744187,0.000000,
			-0.672142,99.618279,0.813854,1.000000;;,
			3;16;
			0.767900,-0.026809,0.640009,0.000000,
			-0.123739,0.974097,0.189269,0.000000,
			-0.628505,-0.224534,0.744692,0.000000,
			-0.644256,99.621017,0.777651,1.000000;;,
			4;16;
			0.769105,-0.029066,0.638460,0.000000,
			-0.121038,0.974264,0.190159,0.000000,
			-0.627556,-0.223530,0.745793,0.000000,
			-0.636547,99.623337,0.729826,1.000000;;,
			5;16;
			0.772667,-0.031649,0.634023,0.000000,
			-0.117218,0.974469,0.191494,0.000000,
			-0.623896,-0.222280,0.749230,0.000000,
			-0.654877,99.621536,0.694260,1.000000;;,
			6;16;
			0.780775,-0.034006,0.623886,0.000000,
			-0.112128,0.974681,0.193452,0.000000,
			-0.614668,-0.220998,0.757194,0.000000,
			-0.696164,99.603310,0.703928,1.000000;;,
			7;16;
			0.793683,-0.036017,0.607265,0.000000,
			-0.105956,0.974803,0.196297,0.000000,
			-0.599033,-0.220141,0.769868,0.000000,
			-0.749074,99.563408,0.762318,1.000000;;,
			8;16;
			0.807697,-0.038205,0.588359,0.000000,
			-0.099420,0.974784,0.199781,0.000000,
			-0.581155,-0.219857,0.783531,0.000000,
			-0.799067,99.519928,0.807858,1.000000;;,
			9;16;
			0.817143,-0.041400,0.574946,0.000000,
			-0.093493,0.974692,0.203063,0.000000,
			-0.568802,-0.219685,0.792593,0.000000,
			-0.836178,99.510696,0.740630,1.000000;;,
			10;16;
			0.818877,-0.046054,0.572118,0.000000,
			-0.088459,0.974740,0.205077,0.000000,
			-0.567111,-0.218542,0.794118,0.000000,
			-0.857379,99.545593,0.489949,1.000000;;,
			11;16;
			0.815212,-0.051967,0.576827,0.000000,
			-0.083606,0.974975,0.205994,0.000000,
			-0.573096,-0.216155,0.790466,0.000000,
			-0.867582,99.569633,0.075831,1.000000;;,
			12;16;
			0.812776,-0.058387,0.579642,0.000000,
			-0.077789,0.975179,0.207305,0.000000,
			-0.577359,-0.213582,0.788060,0.000000,
			-0.885108,99.557175,-0.352914,1.000000;;,
			13;16;
			0.816762,-0.064344,0.573375,0.000000,
			-0.071003,0.975000,0.210556,0.000000,
			-0.572589,-0.212686,0.791774,0.000000,
			-0.907209,99.521057,-0.653856,1.000000;;,
			14;16;
			0.826476,-0.068778,0.558755,0.000000,
			-0.064674,0.974339,0.215594,0.000000,
			-0.559244,-0.214320,0.800820,0.000000,
			-0.909574,99.478333,-0.797459,1.000000;;,
			15;16;
			0.836482,-0.071468,0.543314,0.000000,
			-0.060145,0.973496,0.220653,0.000000,
			-0.544684,-0.217250,0.810013,0.000000,
			-0.877814,99.456886,-0.843897,1.000000;;,
			16;16;
			0.841610,-0.073369,0.535079,0.000000,
			-0.057596,0.972888,0.223992,0.000000,
			-0.537005,-0.219333,0.814566,0.000000,
			-0.819962,99.462555,-0.883413,1.000000;;,
			17;16;
			0.841111,-0.075520,0.535564,0.000000,
			-0.056237,0.972625,0.225472,0.000000,
			-0.537931,-0.219765,0.813839,0.000000,
			-0.749598,99.482544,-0.962846,1.000000;;,
			18;16;
			0.838411,-0.078439,0.539364,0.000000,
			-0.054858,0.972420,0.226692,0.000000,
			-0.542270,-0.219649,0.810985,0.000000,
			-0.674766,99.505035,-1.059044,1.000000;;,
			19;16;
			0.837086,-0.081959,0.540897,0.000000,
			-0.053527,0.971700,0.230074,0.000000,
			-0.544446,-0.221545,0.809009,0.000000,
			-0.547799,99.502083,-1.131760,1.000000;;,
			20;16;
			0.835669,-0.086191,0.542428,0.000000,
			-0.052478,0.970561,0.235068,0.000000,
			-0.546721,-0.224904,0.806545,0.000000,
			-0.338876,99.468445,-1.195389,1.000000;;,
			21;16;
			0.833959,-0.090947,0.544280,0.000000,
			-0.051426,0.969224,0.240749,0.000000,
			-0.549424,-0.228765,0.803617,0.000000,
			-0.094396,99.421822,-1.254303,1.000000;;,
			22;16;
			0.832182,-0.096004,0.546128,0.000000,
			-0.050413,0.967720,0.246935,0.000000,
			-0.552206,-0.233027,0.800479,0.000000,
			0.177785,99.364998,-1.309654,1.000000;;,
			23;16;
			0.830331,-0.101361,0.547974,0.000000,
			-0.049342,0.966085,0.253467,0.000000,
			-0.555081,-0.237500,0.797169,0.000000,
			0.469911,99.300705,-1.362674,1.000000;;,
			24;16;
			0.828557,-0.106631,0.549657,0.000000,
			-0.048631,0.964283,0.260373,0.000000,
			-0.557789,-0.242464,0.793777,0.000000,
			0.774288,99.231567,-1.414606,1.000000;;,
			25;16;
			0.826966,-0.111831,0.551018,0.000000,
			-0.048014,0.962394,0.267380,0.000000,
			-0.560198,-0.247571,0.790498,0.000000,
			1.083217,99.160080,-1.466676,1.000000;;,
			26;16;
			0.825670,-0.116577,0.551978,0.000000,
			-0.047865,0.960413,0.274436,0.000000,
			-0.562120,-0.253014,0.787404,0.000000,
			1.389013,99.090485,-1.521138,1.000000;;,
			27;16;
			0.824834,-0.120898,0.552297,0.000000,
			-0.047929,0.958400,0.281374,0.000000,
			-0.563340,-0.258558,0.784727,0.000000,
			1.684315,99.024307,-1.578743,1.000000;;,
			28;16;
			0.824526,-0.124408,0.551978,0.000000,
			-0.048591,0.956357,0.288133,0.000000,
			-0.563734,-0.264394,0.782496,0.000000,
			1.961125,98.962585,-1.638884,1.000000;;,
			29;16;
			0.824912,-0.127137,0.550778,0.000000,
			-0.049583,0.954347,0.294555,0.000000,
			-0.563082,-0.270292,0.780949,0.000000,
			2.211655,98.909492,-1.704287,1.000000;;,
			30;16;
			0.826006,-0.128684,0.548776,0.000000,
			-0.051313,0.952381,0.300562,0.000000,
			-0.561321,-0.276426,0.780069,0.000000,
			2.428432,98.870186,-1.777383,1.000000;;,
			31;16;
			0.828040,-0.128920,0.545646,0.000000,
			-0.053611,0.950540,0.305941,0.000000,
			-0.558100,-0.282584,0.780173,0.000000,
			2.604147,98.846130,-1.858955,1.000000;;,
			32;16;
			0.832723,-0.125482,0.539284,0.000000,
			-0.057809,0.948955,0.310070,0.000000,
			-0.550664,-0.289378,0.782962,0.000000,
			2.674525,98.859802,-1.962540,1.000000;;,
			33;16;
			0.841784,-0.122146,0.525813,0.000000,
			-0.059835,0.946948,0.315767,0.000000,
			-0.536488,-0.297270,0.789817,0.000000,
			2.680752,98.894630,-2.068550,1.000000;;,
			34;16;
			0.850482,-0.123824,0.511222,0.000000,
			-0.056880,0.944549,0.323408,0.000000,
			-0.522920,-0.304131,0.796279,0.000000,
			2.639688,98.891365,-2.160291,1.000000;;,
			35;16;
			0.856064,-0.129167,0.500470,0.000000,
			-0.051046,0.942410,0.330543,0.000000,
			-0.514343,-0.308513,0.800169,0.000000,
			2.515657,98.835670,-2.249806,1.000000;;,
			36;16;
			0.857426,-0.135685,0.496398,0.000000,
			-0.044994,0.941153,0.334972,0.000000,
			-0.512637,-0.309548,0.800864,0.000000,
			2.325338,98.778549,-2.343940,1.000000;;,
			37;16;
			0.855070,-0.141285,0.498892,0.000000,
			-0.041172,0.940623,0.336947,0.000000,
			-0.516875,-0.308654,0.798481,0.000000,
			2.106118,98.753441,-2.461996,1.000000;;,
			38;16;
			0.851069,-0.145070,0.504615,0.000000,
			-0.040141,0.940283,0.338020,0.000000,
			-0.523517,-0.307934,0.794422,0.000000,
			1.888409,98.769653,-2.602079,1.000000;;,
			39;16;
			0.847618,-0.146490,0.509985,0.000000,
			-0.041216,0.940054,0.338526,0.000000,
			-0.529004,-0.307960,0.790769,0.000000,
			1.687688,98.817627,-2.740794,1.000000;;,
			40;16;
			0.844713,-0.145404,0.515089,0.000000,
			-0.043110,0.940779,0.336269,0.000000,
			-0.533480,-0.306257,0.788420,0.000000,
			1.506635,98.886520,-2.866494,1.000000;;,
			41;16;
			0.840822,-0.142494,0.522220,0.000000,
			-0.044995,0.942994,0.329753,0.000000,
			-0.539439,-0.300761,0.786479,0.000000,
			1.164088,99.122910,-3.054108,1.000000;;,
			42;16;
			0.835042,-0.139374,0.532241,0.000000,
			-0.046596,0.945992,0.320825,0.000000,
			-0.548210,-0.292702,0.783448,0.000000,
			0.854919,99.311317,-3.290985,1.000000;;,
			43;16;
			0.828350,-0.136870,0.543234,0.000000,
			-0.048022,0.948777,0.312274,0.000000,
			-0.558149,-0.284759,0.779347,0.000000,
			0.595126,99.462112,-3.555837,1.000000;;,
			44;16;
			0.823354,-0.134261,0.551418,0.000000,
			-0.049505,0.950920,0.305452,0.000000,
			-0.565364,-0.278793,0.776297,0.000000,
			0.405005,99.615906,-3.799114,1.000000;;,
			45;16;
			0.822123,-0.130906,0.554054,0.000000,
			-0.050861,0.952425,0.300499,0.000000,
			-0.567033,-0.275227,0.776353,0.000000,
			0.368098,99.710876,-3.917734,1.000000;;,
			46;16;
			0.823624,-0.127504,0.552617,0.000000,
			-0.051588,0.953517,0.296890,0.000000,
			-0.564784,-0.273035,0.778762,0.000000,
			0.460024,99.748344,-3.899282,1.000000;;,
			47;16;
			0.825467,-0.125603,0.550298,0.000000,
			-0.051461,0.954121,0.294967,0.000000,
			-0.562099,-0.271804,0.781132,0.000000,
			0.624920,99.760536,-3.845944,1.000000;;,
			48;16;
			0.827356,-0.126133,0.547332,0.000000,
			-0.050526,0.953795,0.296180,0.000000,
			-0.559401,-0.272701,0.782755,0.000000,
			0.845057,99.731956,-3.750850,1.000000;;,
			49;16;
			0.831749,-0.128436,0.540091,0.000000,
			-0.049346,0.951915,0.302363,0.000000,
			-0.552954,-0.278142,0.785416,0.000000,
			1.089683,99.669067,-3.587280,1.000000;;,
			50;16;
			0.841147,-0.130134,0.524916,0.000000,
			-0.048489,0.948560,0.312863,0.000000,
			-0.538628,-0.288617,0.791568,0.000000,
			1.356569,99.602615,-3.374969,1.000000;;,
			51;16;
			0.855977,-0.129741,0.500470,0.000000,
			-0.047108,0.944404,0.325396,0.000000,
			-0.514863,-0.302107,0.802276,0.000000,
			1.640136,99.534149,-3.124006,1.000000;;,
			52;16;
			0.875084,-0.127064,0.466994,0.000000,
			-0.044053,0.940002,0.338313,0.000000,
			-0.481963,-0.316625,0.816983,0.000000,
			1.931213,99.452911,-2.833130,1.000000;;,
			53;16;
			0.896579,-0.123258,0.425387,0.000000,
			-0.038109,0.935458,0.351377,0.000000,
			-0.441242,-0.331248,0.834015,0.000000,
			2.213702,99.355453,-2.486220,1.000000;;,
			54;16;
			0.918104,-0.119498,0.377895,0.000000,
			-0.028938,0.930709,0.364614,0.000000,
			-0.395281,-0.345689,0.851030,0.000000,
			2.451146,99.223351,-2.057048,1.000000;;,
			55;16;
			0.937254,-0.116603,0.328572,0.000000,
			-0.017063,0.925946,0.377271,0.000000,
			-0.348230,-0.359205,0.865856,0.000000,
			2.606725,99.072479,-1.542466,1.000000;;,
			56;16;
			0.952312,-0.115140,0.282569,0.000000,
			-0.003625,0.921736,0.387801,0.000000,
			-0.305105,-0.370332,0.877362,0.000000,
			2.654280,98.911499,-0.947146,1.000000;;,
			57;16;
			0.962632,-0.115732,0.244840,0.000000,
			0.009992,0.918650,0.394946,0.000000,
			-0.270630,-0.377741,0.885478,0.000000,
			2.588447,98.755264,-0.273207,1.000000;;,
			58;16;
			0.968903,-0.117617,0.217698,0.000000,
			0.021930,0.917160,0.397916,0.000000,
			-0.246465,-0.380768,0.891219,0.000000,
			2.428474,98.614708,0.447300,1.000000;;,
			59;16;
			0.972819,-0.119134,0.198568,0.000000,
			0.031299,0.917285,0.397000,0.000000,
			-0.229440,-0.379994,0.896081,0.000000,
			2.212758,98.491165,1.171081,1.000000;;,
			60;16;
			0.976277,-0.118892,0.180966,0.000000,
			0.039027,0.918699,0.393026,0.000000,
			-0.212981,-0.376640,0.901544,0.000000,
			2.001268,98.345596,1.830971,1.000000;;,
			61;16;
			0.980127,-0.116882,0.160278,0.000000,
			0.046335,0.920519,0.387942,0.000000,
			-0.192882,-0.372806,0.907641,0.000000,
			1.855118,98.201942,2.366861,1.000000;;,
			62;16;
			0.983003,-0.113785,0.144074,0.000000,
			0.050635,0.922367,0.382982,0.000000,
			-0.176467,-0.369177,0.912451,0.000000,
			1.791982,98.091171,2.738771,1.000000;;,
			63;16;
			0.982297,-0.109697,0.151849,0.000000,
			0.044942,0.924936,0.377458,0.000000,
			-0.181857,-0.363951,0.913492,0.000000,
			1.759534,98.024551,2.931511,1.000000;;,
			64;16;
			0.975361,-0.104948,0.194056,0.000000,
			0.026221,0.928517,0.370363,0.000000,
			-0.219053,-0.356149,0.908391,0.000000,
			1.867668,98.231667,2.519328,1.000000;;,
			65;16;
			0.960978,-0.100698,0.257646,0.000000,
			0.000770,0.932359,0.361532,0.000000,
			-0.276624,-0.347226,0.896054,0.000000,
			1.844203,98.450813,1.985865,1.000000;;,
			66;16;
			0.941313,-0.097543,0.323134,0.000000,
			-0.023416,0.936155,0.350807,0.000000,
			-0.336722,-0.337786,0.878930,0.000000,
			1.732964,98.674156,1.419629,1.000000;;,
			67;16;
			0.918894,-0.094063,0.383126,0.000000,
			-0.044227,0.940475,0.336973,0.000000,
			-0.392017,-0.326587,0.860037,0.000000,
			1.563951,98.907440,0.882992,1.000000;;,
			68;16;
			0.893433,-0.088341,0.440425,0.000000,
			-0.063588,0.945724,0.318689,0.000000,
			-0.444674,-0.312733,0.839323,0.000000,
			1.341247,99.154823,0.399817,1.000000;;,
			69;16;
			0.867173,-0.081381,0.491312,0.000000,
			-0.080545,0.950650,0.299628,0.000000,
			-0.491450,-0.299402,0.817823,0.000000,
			1.075961,99.405251,0.004117,1.000000;;,
			70;16;
			0.840325,-0.073907,0.537021,0.000000,
			-0.095429,0.955022,0.280760,0.000000,
			-0.533617,-0.287178,0.795476,0.000000,
			0.751016,99.640953,-0.309924,1.000000;;,
			71;16;
			0.813243,-0.066106,0.578157,0.000000,
			-0.108383,0.958936,0.262098,0.000000,
			-0.571742,-0.275812,0.772683,0.000000,
			0.342238,99.842072,-0.574271,1.000000;;,
			72;16;
			0.784346,-0.057554,0.617647,0.000000,
			-0.120588,0.962545,0.242827,0.000000,
			-0.608489,-0.264942,0.748029,0.000000,
			-0.168518,100.013008,-0.831167,1.000000;;,
			73;16;
			0.756066,-0.048924,0.652664,0.000000,
			-0.131022,0.965702,0.224170,0.000000,
			-0.641247,-0.255001,0.723724,0.000000,
			-0.473522,100.004944,-0.924240,1.000000;;,
			74;16;
			0.731131,-0.040698,0.681022,0.000000,
			-0.139465,0.968223,0.207588,0.000000,
			-0.667830,-0.246753,0.702222,0.000000,
			-0.783765,100.032738,-1.030444,1.000000;;,
			75;16;
			0.716965,-0.034671,0.696246,0.000000,
			-0.144230,0.969774,0.196814,0.000000,
			-0.682025,-0.241528,0.690294,0.000000,
			-1.067537,100.082924,-1.103577,1.000000;;,
			76;16;
			0.710190,-0.030045,0.703368,0.000000,
			-0.147023,0.970730,0.189915,0.000000,
			-0.688487,-0.238287,0.684986,0.000000,
			-1.295177,100.128815,-1.131584,1.000000;;,
			77;16;
			0.706894,-0.026172,0.706835,0.000000,
			-0.148825,0.971441,0.184807,0.000000,
			-0.691486,-0.235834,0.682810,0.000000,
			-1.445133,100.150932,-1.112940,1.000000;;,
			78;16;
			0.704715,-0.022371,0.709137,0.000000,
			-0.150494,0.972045,0.180221,0.000000,
			-0.693345,-0.233726,0.681648,0.000000,
			-1.531975,100.149506,-1.058991,1.000000;;,
			79;16;
			0.703936,-0.018766,0.710016,0.000000,
			-0.151801,0.972578,0.176207,0.000000,
			-0.693852,-0.231819,0.681784,0.000000,
			-1.592406,100.131111,-0.992528,1.000000;;,
			80;16;
			0.705786,-0.015363,0.708258,0.000000,
			-0.152469,0.973041,0.173042,0.000000,
			-0.691823,-0.230118,0.684417,0.000000,
			-1.645355,100.106346,-0.939071,1.000000;;,
			81;16;
			0.707533,-0.012822,0.706564,0.000000,
			-0.153217,0.973269,0.171089,0.000000,
			-0.689871,-0.229309,0.686655,0.000000,
			-1.679953,100.080978,-0.908892,1.000000;;,
			82;16;
			0.711016,-0.010635,0.703096,0.000000,
			-0.153616,0.973385,0.170069,0.000000,
			-0.686192,-0.228928,0.690458,0.000000,
			-1.676755,100.051582,-0.890109,1.000000;;,
			83;16;
			0.717479,-0.009080,0.696521,0.000000,
			-0.153176,0.973384,0.170474,0.000000,
			-0.679530,-0.229001,0.696991,0.000000,
			-1.641134,100.017509,-0.861448,1.000000;;,
			84;16;
			0.725970,-0.009327,0.687663,0.000000,
			-0.150692,0.973452,0.172289,0.000000,
			-0.671014,-0.228702,0.705291,0.000000,
			-1.598065,99.986816,-0.818621,1.000000;;,
			85;16;
			0.734454,-0.011478,0.678561,0.000000,
			-0.146397,0.973637,0.174925,0.000000,
			-0.662680,-0.227814,0.713411,0.000000,
			-1.564171,99.961807,-0.770478,1.000000;;,
			86;16;
			0.741194,-0.014569,0.671132,0.000000,
			-0.141524,0.973902,0.177440,0.000000,
			-0.656203,-0.226499,0.719789,0.000000,
			-1.539449,99.937012,-0.715008,1.000000;;,
			87;16;
			0.745688,-0.017304,0.666071,0.000000,
			-0.137607,0.974111,0.179363,0.000000,
			-0.651931,-0.225405,0.724002,0.000000,
			-1.518606,99.911865,-0.641412,1.000000;;,
			88;16;
			0.748188,-0.019300,0.663205,0.000000,
			-0.135019,0.974232,0.180672,0.000000,
			-0.649602,-0.224722,0.726303,0.000000,
			-1.497576,99.890671,-0.547746,1.000000;;,
			89;16;
			0.749236,-0.020549,0.661985,0.000000,
			-0.133510,0.974313,0.181351,0.000000,
			-0.648707,-0.224256,0.727247,0.000000,
			-1.473151,99.871826,-0.436665,1.000000;;,
			90;16;
			0.749602,-0.021062,0.661553,0.000000,
			-0.132938,0.974336,0.181652,0.000000,
			-0.648401,-0.224113,0.727564,0.000000,
			-1.441520,99.848518,-0.301244,1.000000;;,
			91;16;
			0.750620,-0.020947,0.660402,0.000000,
			-0.133033,0.974238,0.182108,0.000000,
			-0.647203,-0.224548,0.728495,0.000000,
			-1.399332,99.819344,-0.131017,1.000000;;,
			92;16;
			0.752969,-0.020579,0.657734,0.000000,
			-0.133193,0.974057,0.182955,0.000000,
			-0.644436,-0.225365,0.730693,0.000000,
			-1.346653,99.789986,0.067643,1.000000;;,
			93;16;
			0.756498,-0.020313,0.653681,0.000000,
			-0.132860,0.973902,0.184021,0.000000,
			-0.640359,-0.226060,0.734056,0.000000,
			-1.283706,99.757805,0.272731,1.000000;;,
			94;16;
			0.760188,-0.020193,0.649390,0.000000,
			-0.132097,0.973836,0.184917,0.000000,
			-0.636133,-0.226354,0.737630,0.000000,
			-1.205634,99.726471,0.459909,1.000000;;,
			95;16;
			0.762919,-0.020265,0.646176,0.000000,
			-0.131134,0.973880,0.185369,0.000000,
			-0.633054,-0.226157,0.740334,0.000000,
			-1.113564,99.699043,0.613402,1.000000;;,
			96;16;
			0.764579,-0.020676,0.644198,0.000000,
			-0.130127,0.973951,0.185703,0.000000,
			-0.631257,-0.225812,0.741972,0.000000,
			-1.018579,99.673546,0.723917,1.000000;;,
			97;16;
			0.765540,-0.021657,0.643024,0.000000,
			-0.129111,0.973932,0.186513,0.000000,
			-0.630301,-0.225804,0.742787,0.000000,
			-0.928861,99.648964,0.791816,1.000000;;,
			98;16;
			0.766299,-0.023076,0.642069,0.000000,
			-0.127889,0.973878,0.187634,0.000000,
			-0.629626,-0.225898,0.743331,0.000000,
			-0.841761,99.626701,0.830095,1.000000;;,
			99;16;
			0.766878,-0.024271,0.641334,0.000000,
			-0.126879,0.973829,0.188569,0.000000,
			-0.629126,-0.225981,0.743729,0.000000,
			-0.752079,99.608902,0.852114,1.000000;;;
		}
	}
	Animation {
		{mixamorig_Spine}
		AnimationKey {
			4;
			100;
			0;16;
			0.999997,0.002465,0.000468,0.000000,
			-0.002429,0.997778,-0.066583,0.000000,
			-0.000631,0.066582,0.997781,0.000000,
			0.000000,10.997345,0.803058,1.000000;;,
			1;16;
			0.999997,0.002437,0.000850,0.000000,
			-0.002376,0.997797,-0.066296,0.000000,
			-0.001010,0.066294,0.997800,0.000000,
			0.000000,10.997345,0.803058,1.000000;;,
			2;16;
			0.999997,0.002122,0.001212,0.000000,
			-0.002038,0.997817,-0.066009,0.000000,
			-0.001350,0.066006,0.997818,0.000000,
			0.000000,10.997345,0.803058,1.000000;;,
			3;16;
			0.999997,0.001616,0.001560,0.000000,
			-0.001510,0.997831,-0.065818,0.000000,
			-0.001663,0.065815,0.997830,0.000000,
			0.000000,10.997345,0.803058,1.000000;;,
			4;16;
			0.999998,0.000742,0.001688,0.000000,
			-0.000629,0.997838,-0.065722,0.000000,
			-0.001733,0.065721,0.997837,0.000000,
			0.000000,10.997345,0.803058,1.000000;;,
			5;16;
			0.999999,-0.000391,0.001413,0.000000,
			0.000483,0.997857,-0.065435,0.000000,
			-0.001385,0.065435,0.997856,0.000000,
			0.000000,10.997345,0.803058,1.000000;;,
			6;16;
			0.999997,-0.002255,0.000604,0.000000,
			0.002289,0.997879,-0.065052,0.000000,
			-0.000456,0.065053,0.997882,0.000000,
			0.000000,10.997345,0.803058,1.000000;;,
			7;16;
			0.999986,-0.005212,0.000292,0.000000,
			0.005220,0.997899,-0.064575,0.000000,
			0.000045,0.064575,0.997913,0.000000,
			0.000000,10.997345,0.803058,1.000000;;,
			8;16;
			0.999956,-0.009359,0.000470,0.000000,
			0.009369,0.997900,-0.064099,0.000000,
			0.000130,0.064100,0.997943,0.000000,
			0.000000,10.997345,0.803058,1.000000;;,
			9;16;
			0.999904,-0.013873,0.000429,0.000000,
			0.013873,0.997908,-0.063146,0.000000,
			0.000448,0.063145,0.998004,0.000000,
			0.000000,10.997345,0.803058,1.000000;;,
			10;16;
			0.999836,-0.018113,-0.000746,0.000000,
			0.018032,0.997931,-0.061715,0.000000,
			0.001862,0.061692,0.998093,0.000000,
			0.000000,10.997345,0.803058,1.000000;;,
			11;16;
			0.999760,-0.021715,-0.002739,0.000000,
			0.021511,0.997944,-0.060380,0.000000,
			0.004044,0.060307,0.998172,0.000000,
			0.000000,10.997345,0.803058,1.000000;;,
			12;16;
			0.999693,-0.024225,-0.005229,0.000000,
			0.023871,0.997947,-0.059426,0.000000,
			0.006658,0.059283,0.998219,0.000000,
			0.000000,10.997345,0.803058,1.000000;;,
			13;16;
			0.999644,-0.025717,-0.007164,0.000000,
			0.025250,0.997942,-0.058950,0.000000,
			0.008665,0.058748,0.998235,0.000000,
			0.000000,10.997345,0.803058,1.000000;;,
			14;16;
			0.999609,-0.027076,-0.006975,0.000000,
			0.026615,0.997883,-0.059335,0.000000,
			0.008567,0.059126,0.998214,0.000000,
			0.000000,10.997345,0.803058,1.000000;;,
			15;16;
			0.999561,-0.029265,-0.004635,0.000000,
			0.028934,0.997773,-0.060107,0.000000,
			0.006384,0.059946,0.998181,0.000000,
			0.000000,10.997345,0.803058,1.000000;;,
			16;16;
			0.999487,-0.031994,-0.001470,0.000000,
			0.031846,0.997654,-0.060592,0.000000,
			0.003405,0.060514,0.998162,0.000000,
			0.000000,10.997345,0.803058,1.000000;;,
			17;16;
			0.999420,-0.034052,0.000398,0.000000,
			0.034013,0.997583,-0.060597,0.000000,
			0.001666,0.060575,0.998162,0.000000,
			0.000000,10.997345,0.803058,1.000000;;,
			18;16;
			0.999388,-0.034973,-0.000150,0.000000,
			0.034900,0.997563,-0.060408,0.000000,
			0.002262,0.060366,0.998174,0.000000,
			0.000000,10.997345,0.803058,1.000000;;,
			19;16;
			0.999404,-0.034444,-0.002130,0.000000,
			0.034254,0.997609,-0.060024,0.000000,
			0.004192,0.059915,0.998195,0.000000,
			0.000000,10.997345,0.803058,1.000000;;,
			20;16;
			0.999467,-0.032358,-0.004381,0.000000,
			0.032043,0.997740,-0.059061,0.000000,
