xof 0303txt 0032
Frame Ch44 {
	FrameTransformMatrix {
		1.000000,0.000000,0.000000,0.000000,
		0.000000,1.000000,0.000000,0.000000,
		0.000000,0.000000,1.000000,0.000000,
		0.000000,0.000000,0.000000,1.000000;;
	}
}
Frame mixamorig_Hips {
	FrameTransformMatrix {
		1.000000,0.000000,0.000000,0.000000,
		0.000000,1.000000,0.000000,0.000000,
		0.000000,0.000000,1.000000,0.000000,
		0.000000,103.266609,-1.469107,1.000000;;
	}
	Frame mixamorig_Spine {
		FrameTransformMatrix {
			1.000000,0.000000,0.000000,0.000000,
			0.000000,0.997344,0.072829,0.000000,
			0.000000,-0.072829,0.997344,0.000000,
			0.000000,10.997345,0.803058,1.000000;;
		}
		Frame mixamorig_Spine1 {
			FrameTransformMatrix {
				1.000000,0.000000,0.000000,0.000000,
				0.000000,1.000000,0.000000,0.000000,
				0.000000,-0.000000,1.000000,0.000000,
				0.000000,12.864401,0.000000,1.000000;;
			}
			Frame mixamorig_Spine2 {
				FrameTransformMatrix {
					1.000000,0.000000,0.000000,0.000000,
					0.000000,1.000000,0.000000,0.000000,
					0.000000,0.000000,1.000000,0.000000,
					0.000000,14.702159,-0.000000,1.000000;;
				}
				Frame mixamorig_Neck {
					FrameTransformMatrix {
						1.000000,0.000000,0.000000,0.000000,
						0.000000,0.997344,-0.072829,0.000000,
						0.000000,0.072829,0.997344,0.000000,
						0.000000,16.539940,-0.000002,1.000000;;
					}
					Frame mixamorig_Head {
						FrameTransformMatrix {
							1.000000,0.000000,0.000000,0.000000,
							0.000000,1.000000,0.000000,0.000000,
							0.000000,0.000000,1.000000,0.000000,
							0.000000,6.188477,-2.321620,1.000000;;
						}
						Frame mixamorig_HeadTop_End {
							FrameTransformMatrix {
								1.000000,0.000000,0.000000,0.000000,
								0.000000,1.000000,0.000000,0.000000,
								0.000000,0.000000,1.000000,0.000000,
								0.000000,23.717819,-8.897791,1.000000;;
							}
						}
					}
				}
				Frame mixamorig_LeftShoulder {
					FrameTransformMatrix {
						-0.015629,0.000026,0.999878,0.000000,
						0.965663,-0.259358,0.015101,0.000000,
						0.259327,0.965781,0.004028,0.000000,
						7.985327,14.403621,0.124439,1.000000;;
					}
					Frame mixamorig_LeftArm {
						FrameTransformMatrix {
							0.997591,-0.069377,0.000000,0.000000,
							0.068756,0.988660,0.133504,0.000000,
							-0.009262,-0.133183,0.991048,0.000000,
							0.000000,16.443417,-0.000000,1.000000;;
						}
						Frame mixamorig_LeftForeArm {
							FrameTransformMatrix {
								0.973581,0.228340,0.000000,0.000000,
								-0.227190,0.968679,0.100224,0.000000,
								0.022885,-0.097576,0.994965,0.000000,
								0.000000,20.702911,-0.000000,1.000000;;
							}
							Frame mixamorig_LeftHand {
								FrameTransformMatrix {
									0.972875,0.064872,-0.222050,0.000000,
									-0.112243,0.971690,-0.207893,0.000000,
									0.202277,0.227177,0.952615,0.000000,
									-0.000000,28.480791,-0.000000,1.000000;;
								}
								Frame mixamorig_LeftHandThumb1 {
									FrameTransformMatrix {
										0.781580,0.623805,-0.000000,0.000000,
										-0.593986,0.744218,-0.305484,0.000000,
										-0.190562,0.238760,0.952197,0.000000,
										-2.770290,3.260447,-1.371969,1.000000;;
									}
									Frame mixamorig_LeftHandThumb2 {
										FrameTransformMatrix {
											1.000000,0.000000,0.000000,0.000000,
											0.000000,0.989067,-0.147469,0.000000,
											-0.000000,0.147469,0.989067,0.000000,
											-0.105061,3.592884,0.000000,1.000000;;
										}
										Frame mixamorig_LeftHandThumb3 {
											FrameTransformMatrix {
												1.000000,0.000000,-0.000000,0.000000,
												-0.000000,0.998617,-0.052569,0.000000,
												0.000000,0.052569,0.998617,0.000000,
												-0.033138,3.493665,0.000000,1.000000;;
											}
											Frame mixamorig_LeftHandThumb4 {
												FrameTransformMatrix {
													1.000000,0.000000,0.000000,0.000000,
													0.000000,1.000000,-0.000000,0.000000,
													-0.000000,0.000000,1.000000,0.000000,
													0.138198,2.622627,-0.000000,1.000000;;
												}
											}
										}
									}
								}
								Frame mixamorig_LeftHandIndex1 {
									FrameTransformMatrix {
										0.975732,0.218968,0.000000,0.000000,
										-0.218358,0.973014,-0.074591,0.000000,
										-0.016333,0.072780,0.997214,0.000000,
										-3.258903,10.756469,-0.003820,1.000000;;
									}
									Frame mixamorig_LeftHandIndex2 {
										FrameTransformMatrix {
											1.000000,0.000000,0.000000,0.000000,
											0.000000,0.949059,-0.315097,0.000000,
											0.000000,0.315097,0.949059,0.000000,
											0.109371,2.853128,-0.000000,1.000000;;
										}
										Frame mixamorig_LeftHandIndex3 {
											FrameTransformMatrix {
												1.000000,-0.000000,0.000000,0.000000,
												0.000000,0.999972,0.007531,0.000000,
												-0.000000,-0.007531,0.999972,0.000000,
												-0.061237,2.685963,-0.000000,1.000000;;
											}
											Frame mixamorig_LeftHandIndex4 {
												FrameTransformMatrix {
													1.000000,0.000000,-0.000000,0.000000,
													0.000000,1.000000,0.000000,0.000000,
													0.000000,-0.000000,1.000000,0.000000,
													-0.048135,2.249833,0.000000,1.000000;;
												}
											}
										}
									}
								}
								Frame mixamorig_LeftHandMiddle1 {
									FrameTransformMatrix {
										0.999615,-0.027734,0.000000,0.000000,
										0.027726,0.999345,-0.023271,0.000000,
										0.000645,0.023262,0.999729,0.000000,
										-1.104982,11.061543,0.178979,1.000000;;
									}
									Frame mixamorig_LeftHandMiddle2 {
										FrameTransformMatrix {
											1.000000,-0.000000,0.000000,0.000000,
											0.000000,0.908301,-0.418317,0.000000,
											-0.000000,0.418317,0.908301,0.000000,
											0.088648,3.112893,-0.000000,1.000000;;
										}
										Frame mixamorig_LeftHandMiddle3 {
											FrameTransformMatrix {
												1.000000,0.000000,0.000000,0.000000,
												0.000000,0.997395,-0.072133,0.000000,
												0.000000,0.072133,0.997395,0.000000,
												-0.039374,3.016294,0.000000,1.000000;;
											}
											Frame mixamorig_LeftHandMiddle4 {
												FrameTransformMatrix {
													1.000000,-0.000000,0.000000,0.000000,
													0.000000,1.000000,-0.000000,0.000000,
													-0.000000,0.000000,1.000000,0.000000,
													-0.049274,2.467938,-0.000000,1.000000;;
												}
											}
										}
									}
								}
								Frame mixamorig_LeftHandRing1 {
									FrameTransformMatrix {
										0.989613,-0.143755,-0.000000,0.000000,
										0.142955,0.984103,-0.105385,0.000000,
										0.015150,0.104291,0.994431,0.000000,
										1.260879,10.768150,0.117530,1.000000;;
									}
									Frame mixamorig_LeftHandRing2 {
										FrameTransformMatrix {
											1.000000,0.000000,0.000000,0.000000,
											0.000000,0.958275,-0.285846,0.000000,
											-0.000000,0.285846,0.958275,0.000000,
											0.039008,2.933240,-0.000000,1.000000;;
										}
										Frame mixamorig_LeftHandRing3 {
											FrameTransformMatrix {
												1.000000,0.000000,0.000000,0.000000,
												-0.000000,0.970306,-0.241881,0.000000,
												-0.000000,0.241881,0.970306,0.000000,
												-0.003802,2.869819,0.000000,1.000000;;
											}
											Frame mixamorig_LeftHandRing4 {
												FrameTransformMatrix {
													1.000000,-0.000000,0.000000,0.000000,
													0.000000,1.000000,0.000000,0.000000,
													-0.000000,-0.000000,1.000000,0.000000,
													-0.035205,2.582460,0.000000,1.000000;;
												}
											}
										}
									}
								}
								Frame mixamorig_LeftHandPinky1 {
									FrameTransformMatrix {
										0.923757,-0.382980,-0.000000,0.000000,
										0.371070,0.895028,-0.247451,0.000000,
										0.094769,0.228585,0.968900,0.000000,
										3.103006,9.804624,0.256461,1.000000;;
									}
									Frame mixamorig_LeftHandPinky2 {
										FrameTransformMatrix {
											1.000000,-0.000000,0.000000,0.000000,
											0.000000,0.953661,-0.300883,0.000000,
											0.000000,0.300883,0.953661,0.000000,
											-0.028648,2.793061,-0.000000,1.000000;;
										}
										Frame mixamorig_LeftHandPinky3 {
											FrameTransformMatrix {
												1.000000,-0.000000,0.000000,0.000000,
												0.000000,0.980726,-0.195386,0.000000,
												-0.000000,0.195386,0.980726,0.000000,
												0.003506,2.307577,-0.000000,1.000000;;
											}
											Frame mixamorig_LeftHandPinky4 {
												FrameTransformMatrix {
													1.000000,-0.000000,0.000000,0.000000,
													0.000000,1.000000,-0.000000,0.000000,
													-0.000000,0.000000,1.000000,0.000000,
													0.025142,2.027596,-0.000000,1.000000;;
												}
											}
										}
									}
								}
							}
						}
					}
				}
				Frame mixamorig_RightShoulder {
					FrameTransformMatrix {
						-0.023526,-0.000048,-0.999723,0.000000,
						-0.965663,-0.258801,0.022737,0.000000,
						-0.258730,0.965931,0.006042,0.000000,
						-7.985327,14.408205,0.187225,1.000000;;
					}
					Frame mixamorig_RightArm {
						FrameTransformMatrix {
							0.998693,0.051120,-0.000000,0.000000,
							-0.050671,0.989904,0.132371,0.000000,
							0.006767,-0.132198,0.991200,0.000000,
							0.000000,16.443417,-0.000000,1.000000;;
						}
						Frame mixamorig_RightForeArm {
							FrameTransformMatrix {
								0.975661,-0.219282,-0.000000,0.000000,
								0.218182,0.970764,0.100070,0.000000,
								-0.021944,-0.097635,0.994980,0.000000,
								-0.000000,20.688032,-0.000000,1.000000;;
							}
							Frame mixamorig_RightHand {
								FrameTransformMatrix {
									0.974043,-0.050031,0.220765,0.000000,
									0.097225,0.973196,-0.208415,0.000000,
									-0.204420,0.224469,0.952799,0.000000,
									-0.000000,28.483500,-0.000000,1.000000;;
								}
								Frame mixamorig_RightHandThumb1 {
									FrameTransformMatrix {
										0.765509,-0.643426,0.000000,0.000000,
										0.613035,0.729352,-0.303698,0.000000,
										0.195407,0.232484,0.952768,0.000000,
										2.698716,3.058632,-1.299813,1.000000;;
									}
									Frame mixamorig_RightHandThumb2 {
										FrameTransformMatrix {
											1.000000,-0.000000,-0.000000,0.000000,
											0.000000,0.987204,-0.159463,0.000000,
											0.000000,0.159463,0.987204,0.000000,
											0.078305,3.423988,0.000000,1.000000;;
										}
										Frame mixamorig_RightHandThumb3 {
											FrameTransformMatrix {
												1.000000,0.000000,-0.000000,0.000000,
												-0.000000,0.999012,-0.044446,0.000000,
												0.000000,0.044446,0.999012,0.000000,
												-0.053042,3.564641,-0.000000,1.000000;;
											}
											Frame mixamorig_RightHandThumb4 {
												FrameTransformMatrix {
													1.000000,-0.000000,0.000000,0.000000,
													0.000000,1.000000,-0.000000,0.000000,
													0.000000,0.000000,1.000000,0.000000,
													-0.025264,3.087018,-0.000000,1.000000;;
												}
											}
										}
									}
								}
								Frame mixamorig_RightHandIndex1 {
									FrameTransformMatrix {
										0.978087,-0.208195,0.000000,0.000000,
										0.206884,0.971927,-0.112062,0.000000,
										0.023331,0.109607,0.993701,0.000000,
										3.329366,10.756874,0.008224,1.000000;;
									}
									Frame mixamorig_RightHandIndex2 {
										FrameTransformMatrix {
											1.000000,-0.000000,0.000000,0.000000,
											0.000000,0.959553,-0.281529,0.000000,
											0.000000,0.281529,0.959553,0.000000,
											-0.077823,2.776619,0.000000,1.000000;;
										}
										Frame mixamorig_RightHandIndex3 {
											FrameTransformMatrix {
												1.000000,0.000000,0.000000,0.000000,
												-0.000000,0.997985,0.063452,0.000000,
												-0.000000,-0.063452,0.997985,0.000000,
												0.057177,2.737660,-0.000000,1.000000;;
											}
											Frame mixamorig_RightHandIndex4 {
												FrameTransformMatrix {
													1.000000,0.000000,0.000000,0.000000,
													-0.000000,1.000000,0.000000,0.000000,
													-0.000000,-0.000000,1.000000,0.000000,
													0.020645,2.185542,0.000000,1.000000;;
												}
											}
										}
									}
								}
								Frame mixamorig_RightHandMiddle1 {
									FrameTransformMatrix {
										0.999995,-0.003233,-0.000000,0.000000,
										0.003224,0.997271,-0.073758,0.000000,
										0.000238,0.073758,0.997276,0.000000,
										1.147194,11.013397,0.263927,1.000000;;
									}
									Frame mixamorig_RightHandMiddle2 {
										FrameTransformMatrix {
											1.000000,-0.000000,0.000000,0.000000,
											0.000000,0.929103,-0.369821,0.000000,
											-0.000000,0.369821,0.929103,0.000000,
											-0.085029,3.240009,0.000000,1.000000;;
										}
										Frame mixamorig_RightHandMiddle3 {
											FrameTransformMatrix {
												1.000000,0.000000,0.000000,0.000000,
												0.000000,0.989832,-0.142239,0.000000,
												0.000000,0.142239,0.989832,0.000000,
												0.027768,3.001971,0.000000,1.000000;;
											}
											Frame mixamorig_RightHandMiddle4 {
												FrameTransformMatrix {
													1.000000,-0.000000,0.000000,0.000000,
													0.000000,1.000000,-0.000000,0.000000,
													-0.000000,0.000000,1.000000,0.000000,
													0.057261,2.538451,-0.000000,1.000000;;
												}
											}
										}
									}
								}
								Frame mixamorig_RightHandRing1 {
									FrameTransformMatrix {
										0.994430,0.105395,-0.000000,0.000000,
										-0.104525,0.986228,-0.128177,0.000000,
										-0.013509,0.127463,0.991751,0.000000,
										-1.318436,11.095921,0.178815,1.000000;;
									}
									Frame mixamorig_RightHandRing2 {
										FrameTransformMatrix {
											1.000000,0.000000,0.000000,0.000000,
											0.000000,0.949020,-0.315216,0.000000,
											0.000000,0.315216,0.949020,0.000000,
											-0.037767,2.875236,-0.000000,1.000000;;
										}
										Frame mixamorig_RightHandRing3 {
											FrameTransformMatrix {
												1.000000,0.000000,-0.000000,0.000000,
												-0.000000,0.984593,-0.174859,0.000000,
												0.000000,0.174859,0.984593,0.000000,
												0.008583,2.694868,-0.000000,1.000000;;
											}
											Frame mixamorig_RightHandRing4 {
												FrameTransformMatrix {
													1.000000,-0.000000,0.000000,0.000000,
													0.000000,1.000000,0.000000,0.000000,
													-0.000000,-0.000000,1.000000,0.000000,
													0.029184,2.360416,-0.000000,1.000000;;
												}
											}
										}
									}
								}
								Frame mixamorig_RightHandPinky1 {
									FrameTransformMatrix {
										0.950507,0.310705,-0.000000,0.000000,
										-0.304759,0.932319,-0.194688,0.000000,
										-0.060490,0.185052,0.980865,0.000000,
										-3.158124,9.809884,0.152362,1.000000;;
									}
									Frame mixamorig_RightHandPinky2 {
										FrameTransformMatrix {
											1.000000,-0.000000,0.000000,0.000000,
											0.000000,0.919506,-0.393077,0.000000,
											0.000000,0.393077,0.919506,0.000000,
											0.016399,2.855931,-0.000000,1.000000;;
										}
										Frame mixamorig_RightHandPinky3 {
											FrameTransformMatrix {
												1.000000,-0.000000,0.000000,0.000000,
												0.000000,0.974769,-0.223216,0.000000,
												-0.000000,0.223216,0.974769,0.000000,
												-0.005530,2.304318,-0.000000,1.000000;;
											}
											Frame mixamorig_RightHandPinky4 {
												FrameTransformMatrix {
													1.000000,-0.000000,0.000000,0.000000,
													0.000000,1.000000,0.000000,0.000000,
													-0.000000,-0.000000,1.000000,0.000000,
													-0.010869,1.994622,-0.000000,1.000000;;
												}
											}
										}
									}
								}
							}
						}
					}
				}
			}
		}
	}
	Frame mixamorig_LeftUpLeg {
		FrameTransformMatrix {
			-0.994837,-0.101308,0.006047,0.000000,
			0.101488,-0.993069,0.059281,0.000000,
			0.000000,0.059588,0.998223,0.000000,
			9.640739,-6.119278,-0.586611,1.000000;;
		}
		Frame mixamorig_LeftLeg {
			FrameTransformMatrix {
				0.999911,0.013370,-0.000000,0.000000,
				-0.013348,0.998315,0.056467,0.000000,
				0.000755,-0.056462,0.998404,0.000000,
				0.000000,45.053291,-0.000000,1.000000;;
			}
			Frame mixamorig_LeftFoot {
				FrameTransformMatrix {
					0.976062,-0.000000,-0.217492,0.000000,
					-0.189754,0.488677,-0.851580,0.000000,
					0.106283,0.872465,0.476979,0.000000,
					0.000000,42.823772,-0.000000,1.000000;;
				}
				Frame mixamorig_LeftToeBase {
					FrameTransformMatrix {
						0.995585,0.000000,-0.093863,0.000000,
						-0.051165,0.838369,-0.542697,0.000000,
						0.078692,0.545103,0.834667,0.000000,
						0.000000,16.588381,0.000000,1.000000;;
					}
					Frame mixamorig_LeftToe_End {
						FrameTransformMatrix {
							1.000000,0.000000,-0.000000,0.000000,
							-0.000000,1.000000,-0.000000,0.000000,
							0.000000,0.000000,1.000000,0.000000,
							-0.000000,6.714916,0.000000,1.000000;;
						}
					}
				}
			}
		}
	}
	Frame mixamorig_RightUpLeg {
		FrameTransformMatrix {
			-0.994833,0.101387,-0.005333,0.000000,
			-0.101528,-0.993459,0.052260,0.000000,
			-0.000000,0.052531,0.998619,0.000000,
			-9.640739,-6.119278,-0.358860,1.000000;;
		}
		Frame mixamorig_RightLeg {
			FrameTransformMatrix {
				0.999911,-0.013365,0.000000,0.000000,
				0.013336,0.997752,0.065681,0.000000,
				-0.000878,-0.065675,0.997841,0.000000,
				-0.000000,45.035599,0.000000,1.000000;;
			}
			Frame mixamorig_RightFoot {
				FrameTransformMatrix {
					0.976864,0.000000,0.213861,0.000000,
					0.187468,0.481234,-0.856311,0.000000,
					-0.102917,0.876592,0.470100,0.000000,
					-0.000000,42.834618,-0.000000,1.000000;;
				}
				Frame mixamorig_RightToeBase {
					FrameTransformMatrix {
						0.994956,0.000000,0.100310,0.000000,
						0.054161,0.841704,-0.537215,0.000000,
						-0.084431,0.539939,0.837459,0.000000,
						-0.000000,16.735941,0.000000,1.000000;;
					}
					Frame mixamorig_RightToe_End {
						FrameTransformMatrix {
							1.000000,0.000000,0.000000,0.000000,
							-0.000000,1.000000,0.000000,0.000000,
							-0.000000,-0.000000,1.000000,0.000000,
							-0.000000,6.713154,-0.000000,1.000000;;
						}
					}
				}
			}
		}
	}
}
AnimationSet RifleRun {
	Animation {
		{mixamorig_Hips}
		AnimationKey {
			4;
			41;
			0;16;
			0.998400,0.045307,-0.033837,0.000000,
			-0.054998,0.917148,-0.394735,0.000000,
			0.013149,0.395964,0.918172,0.000000,
			1.886191,94.161446,7.244633,1.000000;;,
			1;16;
			0.999173,0.000958,-0.040639,0.000000,
			-0.017208,0.915702,-0.401488,0.000000,
			0.036829,0.401855,0.914962,0.000000,
			2.375080,94.767227,6.966730,1.000000;;,
			2;16;
			0.997100,-0.033375,-0.068400,0.000000,
			0.002567,0.912956,-0.408049,0.000000,
			0.076065,0.406689,0.910394,0.000000,
			2.512219,95.360954,6.379386,1.000000;;,
			3;16;
			0.993853,-0.050544,-0.098494,0.000000,
			0.005999,0.912973,-0.407975,0.000000,
			0.110543,0.404877,0.907665,0.000000,
			2.401601,95.952934,5.585849,1.000000;;,
			4;16;
			0.989810,-0.065193,-0.126596,0.000000,
			0.008524,0.914575,-0.404327,0.000000,
			0.142141,0.399127,0.905811,0.000000,
			2.194989,96.342583,4.969631,1.000000;;,
			5;16;
			0.985534,-0.075263,-0.151850,0.000000,
			0.009927,0.920082,-0.391599,0.000000,
			0.169187,0.384427,0.907519,0.000000,
			1.797029,96.348099,4.299433,1.000000;;,
			6;16;
			0.981325,-0.079390,-0.175211,0.000000,
			0.009068,0.928937,-0.370126,0.000000,
			0.192145,0.361625,0.912309,0.000000,
			1.302240,95.545006,3.492233,1.000000;;,
			7;16;
			0.976880,-0.076581,-0.199602,0.000000,
			0.001403,0.935918,-0.352215,0.000000,
			0.213784,0.343791,0.914387,0.000000,
			0.999505,94.607185,2.570706,1.000000;;,
			8;16;
			0.976794,-0.064618,-0.204203,0.000000,
			-0.011786,0.935743,-0.352487,0.000000,
			0.213858,0.346713,0.913266,0.000000,
			0.742392,93.989525,1.693350,1.000000;;,
			9;16;
			0.982502,-0.041659,-0.181532,0.000000,
			-0.029299,0.927959,-0.371529,0.000000,
			0.183932,0.370347,0.910501,0.000000,
			0.394998,93.693535,0.785548,1.000000;;,
			10;16;
			0.988273,-0.013076,-0.152134,0.000000,
			-0.048788,0.917060,-0.395754,0.000000,
			0.144691,0.398535,0.905668,0.000000,
			-0.045685,93.719650,0.110724,1.000000;;,
			11;16;
			0.990536,0.036198,-0.132395,0.000000,
			-0.088460,0.905902,-0.414145,0.000000,
			0.104946,0.421937,0.900530,0.000000,
			-0.687565,94.365448,0.630135,1.000000;;,
			12;16;
			0.990022,0.084204,-0.112985,0.000000,
			-0.125199,0.893579,-0.431093,0.000000,
			0.064661,0.440937,0.895206,0.000000,
			-1.050867,95.042984,1.061069,1.000000;;,
			13;16;
			0.989107,0.116703,-0.089713,0.000000,
			-0.144613,0.884173,-0.444212,0.000000,
			0.027481,0.452347,0.891418,0.000000,
			-1.021905,95.833481,1.384454,1.000000;;,
			14;16;
			0.989762,0.124099,-0.070505,0.000000,
			-0.142489,0.887760,-0.437696,0.000000,
			0.008273,0.443261,0.896354,0.000000,
			-0.704391,96.497284,1.512018,1.000000;;,
			15;16;
			0.990071,0.125102,-0.064096,0.000000,
			-0.140405,0.901967,-0.408340,0.000000,
			0.006728,0.413285,0.910577,0.000000,
			-0.309554,96.793022,2.122221,1.000000;;,
			16;16;
			0.989454,0.133032,-0.057301,0.000000,
			-0.144848,0.908821,-0.391232,0.000000,
			0.000030,0.395406,0.918506,0.000000,
			0.032163,96.029839,3.666944,1.000000;;,
			17;16;
			0.989232,0.138220,-0.048110,0.000000,
			-0.146083,0.912591,-0.381886,0.000000,
			-0.008879,0.384802,0.922956,0.000000,
			0.395094,94.739594,5.351637,1.000000;;,
			18;16;
			0.991493,0.124026,-0.039490,0.000000,
			-0.129658,0.914453,-0.383358,0.000000,
			-0.011435,0.385217,0.922755,0.000000,
			0.838821,93.912903,6.597880,1.000000;;,
			19;16;
			0.995580,0.087465,-0.034220,0.000000,
			-0.093883,0.916404,-0.389088,0.000000,
			-0.002672,0.390581,0.920565,0.000000,
			1.364396,93.853424,7.129517,1.000000;;,
			20;16;
			0.998400,0.045307,-0.033837,0.000000,
			-0.054998,0.917148,-0.394735,0.000000,
			0.013149,0.395964,0.918172,0.000000,
			1.891043,94.165092,7.244652,1.000000;;,
			21;16;
			0.999173,0.000958,-0.040639,0.000000,
			-0.017208,0.915702,-0.401488,0.000000,
			0.036829,0.401855,0.914962,0.000000,
			2.379932,94.770874,6.966736,1.000000;;,
			22;16;
			0.997100,-0.033375,-0.068400,0.000000,
			0.002567,0.912956,-0.408049,0.000000,
			0.076065,0.406689,0.910394,0.000000,
			2.517074,95.364601,6.379377,1.000000;;,
			23;16;
			0.993853,-0.050544,-0.098494,0.000000,
			0.005999,0.912973,-0.407975,0.000000,
			0.110543,0.404877,0.907665,0.000000,
			2.406457,95.956573,5.585876,1.000000;;,
			24;16;
			0.989810,-0.065193,-0.126596,0.000000,
			0.008524,0.914575,-0.404327,0.000000,
			0.142141,0.399127,0.905811,0.000000,
			2.199845,96.346214,4.969629,1.000000;;,
			25;16;
			0.985534,-0.075263,-0.151850,0.000000,
			0.009927,0.920082,-0.391599,0.000000,
			0.169187,0.384427,0.907519,0.000000,
			1.801883,96.351746,4.299446,1.000000;;,
			26;16;
			0.981325,-0.079390,-0.175211,0.000000,
			0.009068,0.928937,-0.370126,0.000000,
			0.192145,0.361625,0.912309,0.000000,
			1.307096,95.548660,3.492248,1.000000;;,
			27;16;
			0.976880,-0.076581,-0.199602,0.000000,
			0.001403,0.935918,-0.352215,0.000000,
			0.213784,0.343791,0.914387,0.000000,
			1.004361,94.610825,2.570722,1.000000;;,
			28;16;
			0.976794,-0.064618,-0.204203,0.000000,
			-0.011786,0.935743,-0.352487,0.000000,
			0.213858,0.346713,0.913266,0.000000,
			0.747251,93.993179,1.693372,1.000000;;,
			29;16;
			0.982502,-0.041659,-0.181532,0.000000,
			-0.029299,0.927959,-0.371529,0.000000,
			0.183932,0.370347,0.910501,0.000000,
			0.399857,93.697182,0.785559,1.000000;;,
			30;16;
			0.988273,-0.013076,-0.152134,0.000000,
			-0.048788,0.917060,-0.395754,0.000000,
			0.144691,0.398535,0.905668,0.000000,
			-0.040827,93.723282,0.110745,1.000000;;,
			31;16;
			0.990536,0.036198,-0.132395,0.000000,
			-0.088460,0.905902,-0.414145,0.000000,
			0.104946,0.421937,0.900530,0.000000,
			-0.682707,94.369102,0.630150,1.000000;;,
			32;16;
			0.990022,0.084204,-0.112985,0.000000,
			-0.125199,0.893579,-0.431093,0.000000,
			0.064661,0.440937,0.895206,0.000000,
			-1.046011,95.046623,1.061052,1.000000;;,
			33;16;
			0.989107,0.116703,-0.089713,0.000000,
			-0.144613,0.884173,-0.444212,0.000000,
			0.027481,0.452347,0.891418,0.000000,
			-1.017044,95.837135,1.384437,1.000000;;,
			34;16;
			0.989762,0.124099,-0.070505,0.000000,
			-0.142489,0.887760,-0.437696,0.000000,
			0.008273,0.443261,0.896354,0.000000,
			-0.699532,96.500931,1.512068,1.000000;;,
			35;16;
			0.990071,0.125102,-0.064096,0.000000,
			-0.140405,0.901967,-0.408340,0.000000,
			0.006728,0.413285,0.910577,0.000000,
			-0.304692,96.796654,2.122200,1.000000;;,
			36;16;
			0.989454,0.133032,-0.057301,0.000000,
			-0.144848,0.908821,-0.391232,0.000000,
			0.000030,0.395406,0.918506,0.000000,
			0.037020,96.033485,3.666964,1.000000;;,
			37;16;
			0.989232,0.138220,-0.048110,0.000000,
			-0.146083,0.912591,-0.381886,0.000000,
			-0.008879,0.384802,0.922956,0.000000,
			0.399954,94.743233,5.351657,1.000000;;,
			38;16;
			0.991493,0.124026,-0.039490,0.000000,
			-0.129658,0.914453,-0.383358,0.000000,
			-0.011435,0.385217,0.922755,0.000000,
			0.843684,93.916550,6.597895,1.000000;;,
			39;16;
			0.995580,0.087465,-0.034220,0.000000,
			-0.093883,0.916404,-0.389088,0.000000,
			-0.002672,0.390581,0.920565,0.000000,
			1.369262,93.857071,7.129532,1.000000;;,
			40;16;
			0.998400,0.045307,-0.033837,0.000000,
			-0.054998,0.917148,-0.394735,0.000000,
			0.013149,0.395964,0.918172,0.000000,
			1.895906,94.168732,7.244636,1.000000;;;
		}
	}
	Animation {
		{mixamorig_Spine}
		AnimationKey {
			4;
			41;
			0;16;
			0.990739,-0.084303,-0.106440,0.000000,
			0.068025,0.986608,-0.148246,0.000000,
			0.117512,0.139633,0.983206,0.000000,
			0.000000,10.997345,0.803058,1.000000;;,
			1;16;
			0.982601,-0.046164,-0.179899,0.000000,
			0.021120,0.990107,-0.138715,0.000000,
			0.184523,0.132502,0.973855,0.000000,
			0.000000,10.997345,0.803058,1.000000;;,
			2;16;
			0.976577,-0.019105,-0.214320,0.000000,
			-0.009072,0.991508,-0.129725,0.000000,
			0.214979,0.128631,0.968111,0.000000,
			0.000000,10.997345,0.803058,1.000000;;,
			3;16;
			0.973250,-0.011795,-0.229446,0.000000,
			-0.018989,0.991135,-0.131495,0.000000,
			0.228963,0.132335,0.964398,0.000000,
			0.000000,10.997345,0.803058,1.000000;;,
			4;16;
			0.971715,-0.007342,-0.236042,0.000000,
			-0.026105,0.990052,-0.138261,0.000000,
			0.234709,0.140513,0.961856,0.000000,
			0.000000,10.997345,0.803058,1.000000;;,
			5;16;
			0.975061,-0.000017,-0.221936,0.000000,
			-0.033991,0.988190,-0.149415,0.000000,
			0.219317,0.153232,0.963545,0.000000,
			0.000000,10.997345,0.803058,1.000000;;,
			6;16;
			0.984243,0.011366,-0.176456,0.000000,
			-0.040419,0.985972,-0.161940,0.000000,
			0.172140,0.166521,0.970896,0.000000,
			0.000000,10.997345,0.803058,1.000000;;,
			7;16;
			0.994837,0.019228,-0.099648,0.000000,
			-0.036992,0.983040,-0.179619,0.000000,
			0.094505,0.182378,0.978676,0.000000,
			0.000000,10.997345,0.803058,1.000000;;,
			8;16;
			0.999587,0.021657,-0.018893,0.000000,
			-0.024852,0.981510,-0.189789,0.000000,
			0.014434,0.190181,0.981643,0.000000,
			0.000000,10.997345,0.803058,1.000000;;,
			9;16;
			0.998944,0.010369,0.044769,0.000000,
			-0.001872,0.982585,-0.185803,0.000000,
			-0.045916,0.185523,0.981567,0.000000,
			0.000000,10.997345,0.803058,1.000000;;,
			10;16;
			0.994398,-0.004458,0.105602,0.000000,
			0.023536,0.983364,-0.180115,0.000000,
			-0.103043,0.181592,0.977960,0.000000,
			0.000000,10.997345,0.803058,1.000000;;,
			11;16;
			0.985767,-0.057338,0.158037,0.000000,
			0.082535,0.984014,-0.157809,0.000000,
			-0.146462,0.168606,0.974741,0.000000,
			0.000000,10.997345,0.803058,1.000000;;,
			12;16;
			0.977335,-0.094432,0.189470,0.000000,
			0.121356,0.983258,-0.135925,0.000000,
			-0.173463,0.155838,0.972433,0.000000,
			0.000000,10.997345,0.803058,1.000000;;,
			13;16;
			0.973465,-0.110386,0.200451,0.000000,
			0.134951,0.984353,-0.113299,0.000000,
			-0.184808,0.137344,0.973130,0.000000,
			0.000000,10.997345,0.803058,1.000000;;,
			14;16;
			0.971602,-0.109379,0.209824,0.000000,
			0.132807,0.985983,-0.100990,0.000000,
			-0.195836,0.125988,0.972510,0.000000,
			0.000000,10.997345,0.803058,1.000000;;,
			15;16;
			0.971009,-0.108971,0.212761,0.000000,
			0.136919,0.983121,-0.121348,0.000000,
			-0.195947,0.146961,0.969540,0.000000,
			0.000000,10.997345,0.803058,1.000000;;,
			16;16;
			0.975701,-0.126761,0.178714,0.000000,
			0.152945,0.978086,-0.141262,0.000000,
			-0.156891,0.165163,0.973708,0.000000,
			0.000000,10.997345,0.803058,1.000000;;,
			17;16;
			0.980956,-0.146807,0.127175,0.000000,
			0.165830,0.973919,-0.154860,0.000000,
			-0.101124,0.173000,0.979717,0.000000,
			0.000000,10.997345,0.803058,1.000000;;,
			18;16;
			0.987737,-0.145265,0.057212,0.000000,
			0.152630,0.975561,-0.158066,0.000000,
			-0.032852,0.164860,0.985770,0.000000,
			0.000000,10.997345,0.803058,1.000000;;,
			19;16;
			0.992629,-0.118468,-0.025565,0.000000,
			0.113164,0.981509,-0.154381,0.000000,
			0.043382,0.150350,0.987680,0.000000,
			0.000000,10.997345,0.803058,1.000000;;,
			20;16;
			0.990739,-0.084303,-0.106440,0.000000,
			0.068025,0.986608,-0.148246,0.000000,
			0.117512,0.139633,0.983206,0.000000,
			0.000000,10.997345,0.803058,1.000000;;,
			21;16;
			0.982601,-0.046164,-0.179899,0.000000,
			0.021120,0.990107,-0.138715,0.000000,
			0.184523,0.132502,0.973855,0.000000,
			0.000000,10.997345,0.803058,1.000000;;,
			22;16;
			0.976577,-0.019105,-0.214320,0.000000,
			-0.009072,0.991508,-0.129725,0.000000,
			0.214979,0.128631,0.968111,0.000000,
			0.000000,10.997345,0.803058,1.000000;;,
			23;16;
			0.973250,-0.011795,-0.229446,0.000000,
			-0.018989,0.991135,-0.131495,0.000000,
			0.228963,0.132335,0.964398,0.000000,
			0.000000,10.997345,0.803058,1.000000;;,
			24;16;
			0.971715,-0.007342,-0.236042,0.000000,
			-0.026105,0.990052,-0.138261,0.000000,
			0.234709,0.140513,0.961856,0.000000,
			0.000000,10.997345,0.803058,1.000000;;,
			25;16;
			0.975061,-0.000017,-0.221936,0.000000,
			-0.033991,0.988190,-0.149415,0.000000,
			0.219317,0.153232,0.963545,0.000000,
			0.000000,10.997345,0.803058,1.000000;;,
			26;16;
			0.984243,0.011366,-0.176456,0.000000,
			-0.040419,0.985972,-0.161940,0.000000,
			0.172140,0.166521,0.970896,0.000000,
			0.000000,10.997345,0.803058,1.000000;;,
			27;16;
			0.994837,0.019228,-0.099648,0.000000,
			-0.036992,0.983040,-0.179619,0.000000,
			0.094505,0.182378,0.978676,0.000000,
			0.000000,10.997345,0.803058,1.000000;;,
			28;16;
			0.999587,0.021657,-0.018893,0.000000,
			-0.024852,0.981510,-0.189789,0.000000,
			0.014434,0.190181,0.981643,0.000000,
			0.000000,10.997345,0.803058,1.000000;;,
			29;16;
			0.998944,0.010369,0.044769,0.000000,
			-0.001872,0.982585,-0.185803,0.000000,
			-0.045916,0.185523,0.981567,0.000000,
			0.000000,10.997345,0.803058,1.000000;;,
			30;16;
			0.994398,-0.004458,0.105602,0.000000,
			0.023536,0.983364,-0.180115,0.000000,
			-0.103043,0.181592,0.977960,0.000000,
			0.000000,10.997345,0.803058,1.000000;;,
			31;16;
			0.985767,-0.057338,0.158037,0.000000,
			0.082535,0.984014,-0.157809,0.000000,
			-0.146462,0.168606,0.974741,0.000000,
			0.000000,10.997345,0.803058,1.000000;;,
			32;16;
			0.977335,-0.094432,0.189470,0.000000,
			0.121356,0.983258,-0.135925,0.000000,
			-0.173463,0.155838,0.972433,0.000000,
			0.000000,10.997345,0.803058,1.000000;;,
			33;16;
			0.973465,-0.110386,0.200451,0.000000,
			0.134951,0.984353,-0.113299,0.000000,
			-0.184808,0.137344,0.973130,0.000000,
			0.000000,10.997345,0.803058,1.000000;;,
			34;16;
			0.971602,-0.109379,0.209824,0.000000,
			0.132807,0.985983,-0.100990,0.000000,
			-0.195836,0.125988,0.972510,0.000000,
			0.000000,10.997345,0.803058,1.000000;;,
			35;16;
			0.971009,-0.108971,0.212761,0.000000,
			0.136919,0.983121,-0.121348,0.000000,
			-0.195947,0.146961,0.969540,0.000000,
			0.000000,10.997345,0.803058,1.000000;;,
			36;16;
			0.975701,-0.126761,0.178714,0.000000,
			0.152945,0.978086,-0.141262,0.000000,
			-0.156891,0.165163,0.973708,0.000000,
			0.000000,10.997345,0.803058,1.000000;;,
			37;16;
			0.980956,-0.146807,0.127175,0.000000,
			0.165830,0.973919,-0.154860,0.000000,
			-0.101124,0.173000,0.979717,0.000000,
			0.000000,10.997345,0.803058,1.000000;;,
			38;16;
			0.987737,-0.145265,0.057212,0.000000,
			0.152630,0.975561,-0.158066,0.000000,
			-0.032852,0.164860,0.985770,0.000000,
			0.000000,10.997345,0.803058,1.000000;;,
			39;16;
			0.992629,-0.118468,-0.025565,0.000000,
			0.113164,0.981509,-0.154381,0.000000,
			0.043382,0.150350,0.987680,0.000000,
			0.000000,10.997345,0.803058,1.000000;;,
			40;16;
			0.990739,-0.084303,-0.106440,0.000000,
			0.068025,0.986608,-0.148246,0.000000,
			0.117512,0.139633,0.983206,0.000000,
			0.000000,10.997345,0.803058,1.000000;;;
		}
	}
	Animation {
		{mixamorig_Spine1}
		AnimationKey {
			4;
			41;
			0;16;
			0.999300,-0.026161,-0.026746,0.000000,
			0.025153,0.998985,-0.037368,0.000000,
			0.027696,0.036670,0.998944,0.000000,
			0.000000,12.864401,0.000000,1.000000;;,
			1;16;
			0.998720,-0.020398,-0.046290,0.000000,
			0.018837,0.999248,-0.033896,0.000000,
			0.046947,0.032981,0.998353,0.000000,
			0.000000,12.864401,0.000000,1.000000;;,
			2;16;
			0.998294,-0.017900,-0.055578,0.000000,
			0.016112,0.999344,-0.032445,0.000000,
			0.056122,0.031494,0.997927,0.000000,
			0.000000,12.864401,0.000000,1.000000;;,
			3;16;
			0.998050,-0.018565,-0.059598,0.000000,
			0.016537,0.999273,-0.034350,0.000000,
			0.060193,0.033298,0.997631,0.000000,
			0.000000,12.864401,0.000000,1.000000;;,
			4;16;
			0.997896,-0.020189,-0.061608,0.000000,
			0.017893,0.999133,-0.037598,0.000000,
			0.062313,0.036416,0.997392,0.000000,
			0.000000,12.864401,0.000000,1.000000;;,
			5;16;
			0.998131,-0.020194,-0.057684,0.000000,
			0.017839,0.998998,-0.041050,0.000000,
			0.058455,0.039944,0.997491,0.000000,
			0.000000,12.864401,0.000000,1.000000;;,
			6;16;
			0.998857,-0.017526,-0.044471,0.000000,
			0.015592,0.998933,-0.043470,0.000000,
			0.045185,0.042727,0.998065,0.000000,
			0.000000,12.864401,0.000000,1.000000;;,
			7;16;
			0.999641,-0.013035,-0.023391,0.000000,
			0.012001,0.998969,-0.043788,0.000000,
			0.023938,0.043492,0.998767,0.000000,
			0.000000,12.864401,0.000000,1.000000;;,
			8;16;
			0.999957,-0.009012,-0.002205,0.000000,
			0.008910,0.999054,-0.042555,0.000000,
			0.002587,0.042533,0.999092,0.000000,
			0.000000,12.864401,0.000000,1.000000;;,
			9;16;
			0.999865,-0.008340,0.014189,0.000000,
			0.008916,0.999119,-0.041018,0.000000,
			-0.013834,0.041139,0.999058,0.000000,
			0.000000,12.864401,0.000000,1.000000;;,
			10;16;
			0.999514,-0.008049,0.030099,0.000000,
			0.009232,0.999182,-0.039376,0.000000,
			-0.029758,0.039634,0.998771,0.000000,
			0.000000,12.864401,0.000000,1.000000;;,
			11;16;
			0.998921,-0.016474,0.043417,0.000000,
			0.018138,0.999105,-0.038208,0.000000,
			-0.042749,0.038954,0.998326,0.000000,
			0.000000,12.864401,0.000000,1.000000;;,
			12;16;
			0.998375,-0.023646,0.051845,0.000000,
			0.025604,0.998971,-0.037427,0.000000,
			-0.050906,0.038694,0.997954,0.000000,
			0.000000,12.864401,0.000000,1.000000;;,
			13;16;
			0.998118,-0.026705,0.055195,0.000000,
			0.028716,0.998940,-0.035985,0.000000,
			-0.054176,0.037503,0.997827,0.000000,
			0.000000,12.864401,0.000000,1.000000;;,
			14;16;
			0.998038,-0.023160,0.058163,0.000000,
			0.025516,0.998870,-0.040092,0.000000,
			-0.057168,0.041498,0.997502,0.000000,
			0.000000,12.864401,0.000000,1.000000;;,
			15;16;
			0.998046,-0.020767,0.058928,0.000000,
			0.023491,0.998669,-0.045923,0.000000,
			-0.057896,0.047218,0.997205,0.000000,
			0.000000,12.864401,0.000000,1.000000;;,
			16;16;
			0.998466,-0.025468,0.049163,0.000000,
			0.027784,0.998508,-0.046999,0.000000,
			-0.047893,0.048293,0.997684,0.000000,
			0.000000,12.864401,0.000000,1.000000;;,
			17;16;
			0.998885,-0.031901,0.034795,0.000000,
			0.033487,0.998381,-0.045975,0.000000,
			-0.033272,0.047089,0.998336,0.000000,
			0.000000,12.864401,0.000000,1.000000;;,
			18;16;
			0.999283,-0.034120,0.016394,0.000000,
			0.034809,0.998434,-0.043794,0.000000,
			-0.014874,0.044333,0.998906,0.000000,
			0.000000,12.864401,0.000000,1.000000;;,
			19;16;
			0.999503,-0.031057,-0.005369,0.000000,
			0.030814,0.998695,-0.040734,0.000000,
			0.006627,0.040549,0.999156,0.000000,
			0.000000,12.864401,0.000000,1.000000;;,
			20;16;
			0.999300,-0.026161,-0.026746,0.000000,
			0.025153,0.998985,-0.037368,0.000000,
			0.027696,0.036670,0.998944,0.000000,
			0.000000,12.864401,0.000000,1.000000;;,
			21;16;
			0.998720,-0.020398,-0.046290,0.000000,
			0.018837,0.999248,-0.033896,0.000000,
			0.046947,0.032981,0.998353,0.000000,
			0.000000,12.864401,0.000000,1.000000;;,
			22;16;
			0.998294,-0.017900,-0.055578,0.000000,
			0.016112,0.999344,-0.032445,0.000000,
			0.056122,0.031494,0.997927,0.000000,
			0.000000,12.864401,0.000000,1.000000;;,
			23;16;
			0.998050,-0.018565,-0.059598,0.000000,
			0.016537,0.999273,-0.034350,0.000000,
			0.060193,0.033298,0.997631,0.000000,
			0.000000,12.864401,0.000000,1.000000;;,
			24;16;
			0.997896,-0.020189,-0.061608,0.000000,
			0.017893,0.999133,-0.037598,0.000000,
			0.062313,0.036416,0.997392,0.000000,
			0.000000,12.864401,0.000000,1.000000;;,
			25;16;
			0.998131,-0.020194,-0.057684,0.000000,
			0.017839,0.998998,-0.041050,0.000000,
			0.058455,0.039944,0.997491,0.000000,
			0.000000,12.864401,0.000000,1.000000;;,
			26;16;
			0.998857,-0.017526,-0.044471,0.000000,
			0.015592,0.998933,-0.043470,0.000000,
			0.045185,0.042727,0.998065,0.000000,
			0.000000,12.864401,0.000000,1.000000;;,
			27;16;
			0.999641,-0.013035,-0.023391,0.000000,
			0.012001,0.998969,-0.043788,0.000000,
			0.023938,0.043492,0.998767,0.000000,
			0.000000,12.864401,0.000000,1.000000;;,
			28;16;
			0.999957,-0.009012,-0.002205,0.000000,
			0.008910,0.999054,-0.042555,0.000000,
			0.002587,0.042533,0.999092,0.000000,
			0.000000,12.864401,0.000000,1.000000;;,
			29;16;
			0.999865,-0.008340,0.014189,0.000000,
			0.008916,0.999119,-0.041018,0.000000,
			-0.013834,0.041139,0.999058,0.000000,
			0.000000,12.864401,0.000000,1.000000;;,
			30;16;
			0.999514,-0.008049,0.030099,0.000000,
			0.009232,0.999182,-0.039376,0.000000,
			-0.029758,0.039634,0.998771,0.000000,
			0.000000,12.864401,0.000000,1.000000;;,
			31;16;
			0.998921,-0.016474,0.043417,0.000000,
			0.018138,0.999105,-0.038208,0.000000,
			-0.042749,0.038954,0.998326,0.000000,
			0.000000,12.864401,0.000000,1.000000;;,
			32;16;
			0.998375,-0.023646,0.051845,0.000000,
			0.025604,0.998971,-0.037427,0.000000,
			-0.050906,0.038694,0.997954,0.000000,
			0.000000,12.864401,0.000000,1.000000;;,
			33;16;
			0.998118,-0.026705,0.055195,0.000000,
			0.028716,0.998940,-0.035985,0.000000,
			-0.054176,0.037503,0.997827,0.000000,
			0.000000,12.864401,0.000000,1.000000;;,
			34;16;
			0.998038,-0.023160,0.058163,0.000000,
			0.025516,0.998870,-0.040092,0.000000,
			-0.057168,0.041498,0.997502,0.000000,
			0.000000,12.864401,0.000000,1.000000;;,
			35;16;
			0.998046,-0.020767,0.058928,0.000000,
			0.023491,0.998669,-0.045923,0.000000,
			-0.057896,0.047218,0.997205,0.000000,
			0.000000,12.864401,0.000000,1.000000;;,
			36;16;
			0.998466,-0.025468,0.049163,0.000000,
			0.027784,0.998508,-0.046999,0.000000,
			-0.047893,0.048293,0.997684,0.000000,
			0.000000,12.864401,0.000000,1.000000;;,
			37;16;
			0.998885,-0.031901,0.034795,0.000000,
			0.033487,0.998381,-0.045975,0.000000,
			-0.033272,0.047089,0.998336,0.000000,
			0.000000,12.864401,0.000000,1.000000;;,
			38;16;
			0.999283,-0.034120,0.016394,0.000000,
			0.034809,0.998434,-0.043794,0.000000,
			-0.014874,0.044333,0.998906,0.000000,
			0.000000,12.864401,0.000000,1.000000;;,
			39;16;
			0.999503,-0.031057,-0.005369,0.000000,
