xof 0303txt 0032
Frame Ch44 {
	FrameTransformMatrix {
		1.000000,0.000000,0.000000,0.000000,
		0.000000,1.000000,0.000000,0.000000,
		0.000000,0.000000,1.000000,0.000000,
		0.000000,0.000000,0.000000,1.000000;;
	}
}
Frame mixamorig_Hips {
	FrameTransformMatrix {
		1.000000,0.000000,0.000000,0.000000,
		0.000000,1.000000,0.000000,0.000000,
		0.000000,0.000000,1.000000,0.000000,
		0.000000,103.266609,-1.469107,1.000000;;
	}
	Frame mixamorig_Spine {
		FrameTransformMatrix {
			1.000000,0.000000,0.000000,0.000000,
			0.000000,0.997344,0.072829,0.000000,
			0.000000,-0.072829,0.997344,0.000000,
			0.000000,10.997345,0.803058,1.000000;;
		}
		Frame mixamorig_Spine1 {
			FrameTransformMatrix {
				1.000000,0.000000,0.000000,0.000000,
				0.000000,1.000000,0.000000,0.000000,
				0.000000,-0.000000,1.000000,0.000000,
				0.000000,12.864401,0.000000,1.000000;;
			}
			Frame mixamorig_Spine2 {
				FrameTransformMatrix {
					1.000000,0.000000,0.000000,0.000000,
					0.000000,1.000000,0.000000,0.000000,
					0.000000,0.000000,1.000000,0.000000,
					0.000000,14.702159,-0.000000,1.000000;;
				}
				Frame mixamorig_Neck {
					FrameTransformMatrix {
						1.000000,0.000000,0.000000,0.000000,
						0.000000,0.997344,-0.072829,0.000000,
						0.000000,0.072829,0.997344,0.000000,
						0.000000,16.539940,-0.000002,1.000000;;
					}
					Frame mixamorig_Head {
						FrameTransformMatrix {
							1.000000,0.000000,0.000000,0.000000,
							0.000000,1.000000,0.000000,0.000000,
							0.000000,0.000000,1.000000,0.000000,
							0.000000,6.188477,-2.321620,1.000000;;
						}
						Frame mixamorig_HeadTop_End {
							FrameTransformMatrix {
								1.000000,0.000000,0.000000,0.000000,
								0.000000,1.000000,0.000000,0.000000,
								0.000000,0.000000,1.000000,0.000000,
								0.000000,23.717819,-8.897791,1.000000;;
							}
						}
					}
				}
				Frame mixamorig_LeftShoulder {
					FrameTransformMatrix {
						-0.015629,0.000026,0.999878,0.000000,
						0.965663,-0.259358,0.015101,0.000000,
						0.259327,0.965781,0.004028,0.000000,
						7.985327,14.403621,0.124439,1.000000;;
					}
					Frame mixamorig_LeftArm {
						FrameTransformMatrix {
							0.997591,-0.069377,0.000000,0.000000,
							0.068756,0.988660,0.133504,0.000000,
							-0.009262,-0.133183,0.991048,0.000000,
							0.000000,16.443417,-0.000000,1.000000;;
						}
						Frame mixamorig_LeftForeArm {
							FrameTransformMatrix {
								0.973581,0.228340,0.000000,0.000000,
								-0.227190,0.968679,0.100224,0.000000,
								0.022885,-0.097576,0.994965,0.000000,
								0.000000,20.702911,-0.000000,1.000000;;
							}
							Frame mixamorig_LeftHand {
								FrameTransformMatrix {
									0.972875,0.064872,-0.222050,0.000000,
									-0.112243,0.971690,-0.207893,0.000000,
									0.202277,0.227177,0.952615,0.000000,
									-0.000000,28.480791,-0.000000,1.000000;;
								}
								Frame mixamorig_LeftHandThumb1 {
									FrameTransformMatrix {
										0.781580,0.623805,-0.000000,0.000000,
										-0.593986,0.744218,-0.305484,0.000000,
										-0.190562,0.238760,0.952197,0.000000,
										-2.770290,3.260447,-1.371969,1.000000;;
									}
									Frame mixamorig_LeftHandThumb2 {
										FrameTransformMatrix {
											1.000000,0.000000,0.000000,0.000000,
											0.000000,0.989067,-0.147469,0.000000,
											-0.000000,0.147469,0.989067,0.000000,
											-0.105061,3.592884,0.000000,1.000000;;
										}
										Frame mixamorig_LeftHandThumb3 {
											FrameTransformMatrix {
												1.000000,0.000000,-0.000000,0.000000,
												-0.000000,0.998617,-0.052569,0.000000,
												0.000000,0.052569,0.998617,0.000000,
												-0.033138,3.493665,0.000000,1.000000;;
											}
											Frame mixamorig_LeftHandThumb4 {
												FrameTransformMatrix {
													1.000000,0.000000,0.000000,0.000000,
													0.000000,1.000000,-0.000000,0.000000,
													-0.000000,0.000000,1.000000,0.000000,
													0.138198,2.622627,-0.000000,1.000000;;
												}
											}
										}
									}
								}
								Frame mixamorig_LeftHandIndex1 {
									FrameTransformMatrix {
										0.975732,0.218968,0.000000,0.000000,
										-0.218358,0.973014,-0.074591,0.000000,
										-0.016333,0.072780,0.997214,0.000000,
										-3.258903,10.756469,-0.003820,1.000000;;
									}
									Frame mixamorig_LeftHandIndex2 {
										FrameTransformMatrix {
											1.000000,0.000000,0.000000,0.000000,
											0.000000,0.949059,-0.315097,0.000000,
											0.000000,0.315097,0.949059,0.000000,
											0.109371,2.853128,-0.000000,1.000000;;
										}
										Frame mixamorig_LeftHandIndex3 {
											FrameTransformMatrix {
												1.000000,-0.000000,0.000000,0.000000,
												0.000000,0.999972,0.007531,0.000000,
												-0.000000,-0.007531,0.999972,0.000000,
												-0.061237,2.685963,-0.000000,1.000000;;
											}
											Frame mixamorig_LeftHandIndex4 {
												FrameTransformMatrix {
													1.000000,0.000000,-0.000000,0.000000,
													0.000000,1.000000,0.000000,0.000000,
													0.000000,-0.000000,1.000000,0.000000,
													-0.048135,2.249833,0.000000,1.000000;;
												}
											}
										}
									}
								}
								Frame mixamorig_LeftHandMiddle1 {
									FrameTransformMatrix {
										0.999615,-0.027734,0.000000,0.000000,
										0.027726,0.999345,-0.023271,0.000000,
										0.000645,0.023262,0.999729,0.000000,
										-1.104982,11.061543,0.178979,1.000000;;
									}
									Frame mixamorig_LeftHandMiddle2 {
										FrameTransformMatrix {
											1.000000,-0.000000,0.000000,0.000000,
											0.000000,0.908301,-0.418317,0.000000,
											-0.000000,0.418317,0.908301,0.000000,
											0.088648,3.112893,-0.000000,1.000000;;
										}
										Frame mixamorig_LeftHandMiddle3 {
											FrameTransformMatrix {
												1.000000,0.000000,0.000000,0.000000,
												0.000000,0.997395,-0.072133,0.000000,
												0.000000,0.072133,0.997395,0.000000,
												-0.039374,3.016294,0.000000,1.000000;;
											}
											Frame mixamorig_LeftHandMiddle4 {
												FrameTransformMatrix {
													1.000000,-0.000000,0.000000,0.000000,
													0.000000,1.000000,-0.000000,0.000000,
													-0.000000,0.000000,1.000000,0.000000,
													-0.049274,2.467938,-0.000000,1.000000;;
												}
											}
										}
									}
								}
								Frame mixamorig_LeftHandRing1 {
									FrameTransformMatrix {
										0.989613,-0.143755,-0.000000,0.000000,
										0.142955,0.984103,-0.105385,0.000000,
										0.015150,0.104291,0.994431,0.000000,
										1.260879,10.768150,0.117530,1.000000;;
									}
									Frame mixamorig_LeftHandRing2 {
										FrameTransformMatrix {
											1.000000,0.000000,0.000000,0.000000,
											0.000000,0.958275,-0.285846,0.000000,
											-0.000000,0.285846,0.958275,0.000000,
											0.039008,2.933240,-0.000000,1.000000;;
										}
										Frame mixamorig_LeftHandRing3 {
											FrameTransformMatrix {
												1.000000,0.000000,0.000000,0.000000,
												-0.000000,0.970306,-0.241881,0.000000,
												-0.000000,0.241881,0.970306,0.000000,
												-0.003802,2.869819,0.000000,1.000000;;
											}
											Frame mixamorig_LeftHandRing4 {
												FrameTransformMatrix {
													1.000000,-0.000000,0.000000,0.000000,
													0.000000,1.000000,0.000000,0.000000,
													-0.000000,-0.000000,1.000000,0.000000,
													-0.035205,2.582460,0.000000,1.000000;;
												}
											}
										}
									}
								}
								Frame mixamorig_LeftHandPinky1 {
									FrameTransformMatrix {
										0.923757,-0.382980,-0.000000,0.000000,
										0.371070,0.895028,-0.247451,0.000000,
										0.094769,0.228585,0.968900,0.000000,
										3.103006,9.804624,0.256461,1.000000;;
									}
									Frame mixamorig_LeftHandPinky2 {
										FrameTransformMatrix {
											1.000000,-0.000000,0.000000,0.000000,
											0.000000,0.953661,-0.300883,0.000000,
											0.000000,0.300883,0.953661,0.000000,
											-0.028648,2.793061,-0.000000,1.000000;;
										}
										Frame mixamorig_LeftHandPinky3 {
											FrameTransformMatrix {
												1.000000,-0.000000,0.000000,0.000000,
												0.000000,0.980726,-0.195386,0.000000,
												-0.000000,0.195386,0.980726,0.000000,
												0.003506,2.307577,-0.000000,1.000000;;
											}
											Frame mixamorig_LeftHandPinky4 {
												FrameTransformMatrix {
													1.000000,-0.000000,0.000000,0.000000,
													0.000000,1.000000,-0.000000,0.000000,
													-0.000000,0.000000,1.000000,0.000000,
													0.025142,2.027596,-0.000000,1.000000;;
												}
											}
										}
									}
								}
							}
						}
					}
				}
				Frame mixamorig_RightShoulder {
					FrameTransformMatrix {
						-0.023526,-0.000048,-0.999723,0.000000,
						-0.965663,-0.258801,0.022737,0.000000,
						-0.258730,0.965931,0.006042,0.000000,
						-7.985327,14.408205,0.187225,1.000000;;
					}
					Frame mixamorig_RightArm {
						FrameTransformMatrix {
							0.998693,0.051120,-0.000000,0.000000,
							-0.050671,0.989904,0.132371,0.000000,
							0.006767,-0.132198,0.991200,0.000000,
							0.000000,16.443417,-0.000000,1.000000;;
						}
						Frame mixamorig_RightForeArm {
							FrameTransformMatrix {
								0.975661,-0.219282,-0.000000,0.000000,
								0.218182,0.970764,0.100070,0.000000,
								-0.021944,-0.097635,0.994980,0.000000,
								-0.000000,20.688032,-0.000000,1.000000;;
							}
							Frame mixamorig_RightHand {
								FrameTransformMatrix {
									0.974043,-0.050031,0.220765,0.000000,
									0.097225,0.973196,-0.208415,0.000000,
									-0.204420,0.224469,0.952799,0.000000,
									-0.000000,28.483500,-0.000000,1.000000;;
								}
								Frame mixamorig_RightHandThumb1 {
									FrameTransformMatrix {
										0.765509,-0.643426,0.000000,0.000000,
										0.613035,0.729352,-0.303698,0.000000,
										0.195407,0.232484,0.952768,0.000000,
										2.698716,3.058632,-1.299813,1.000000;;
									}
									Frame mixamorig_RightHandThumb2 {
										FrameTransformMatrix {
											1.000000,-0.000000,-0.000000,0.000000,
											0.000000,0.987204,-0.159463,0.000000,
											0.000000,0.159463,0.987204,0.000000,
											0.078305,3.423988,0.000000,1.000000;;
										}
										Frame mixamorig_RightHandThumb3 {
											FrameTransformMatrix {
												1.000000,0.000000,-0.000000,0.000000,
												-0.000000,0.999012,-0.044446,0.000000,
												0.000000,0.044446,0.999012,0.000000,
												-0.053042,3.564641,-0.000000,1.000000;;
											}
											Frame mixamorig_RightHandThumb4 {
												FrameTransformMatrix {
													1.000000,-0.000000,0.000000,0.000000,
													0.000000,1.000000,-0.000000,0.000000,
													0.000000,0.000000,1.000000,0.000000,
													-0.025264,3.087018,-0.000000,1.000000;;
												}
											}
										}
									}
								}
								Frame mixamorig_RightHandIndex1 {
									FrameTransformMatrix {
										0.978087,-0.208195,0.000000,0.000000,
										0.206884,0.971927,-0.112062,0.000000,
										0.023331,0.109607,0.993701,0.000000,
										3.329366,10.756874,0.008224,1.000000;;
									}
									Frame mixamorig_RightHandIndex2 {
										FrameTransformMatrix {
											1.000000,-0.000000,0.000000,0.000000,
											0.000000,0.959553,-0.281529,0.000000,
											0.000000,0.281529,0.959553,0.000000,
											-0.077823,2.776619,0.000000,1.000000;;
										}
										Frame mixamorig_RightHandIndex3 {
											FrameTransformMatrix {
												1.000000,0.000000,0.000000,0.000000,
												-0.000000,0.997985,0.063452,0.000000,
												-0.000000,-0.063452,0.997985,0.000000,
												0.057177,2.737660,-0.000000,1.000000;;
											}
											Frame mixamorig_RightHandIndex4 {
												FrameTransformMatrix {
													1.000000,0.000000,0.000000,0.000000,
													-0.000000,1.000000,0.000000,0.000000,
													-0.000000,-0.000000,1.000000,0.000000,
													0.020645,2.185542,0.000000,1.000000;;
												}
											}
										}
									}
								}
								Frame mixamorig_RightHandMiddle1 {
									FrameTransformMatrix {
										0.999995,-0.003233,-0.000000,0.000000,
										0.003224,0.997271,-0.073758,0.000000,
										0.000238,0.073758,0.997276,0.000000,
										1.147194,11.013397,0.263927,1.000000;;
									}
									Frame mixamorig_RightHandMiddle2 {
										FrameTransformMatrix {
											1.000000,-0.000000,0.000000,0.000000,
											0.000000,0.929103,-0.369821,0.000000,
											-0.000000,0.369821,0.929103,0.000000,
											-0.085029,3.240009,0.000000,1.000000;;
										}
										Frame mixamorig_RightHandMiddle3 {
											FrameTransformMatrix {
												1.000000,0.000000,0.000000,0.000000,
												0.000000,0.989832,-0.142239,0.000000,
												0.000000,0.142239,0.989832,0.000000,
												0.027768,3.001971,0.000000,1.000000;;
											}
											Frame mixamorig_RightHandMiddle4 {
												FrameTransformMatrix {
													1.000000,-0.000000,0.000000,0.000000,
													0.000000,1.000000,-0.000000,0.000000,
													-0.000000,0.000000,1.000000,0.000000,
													0.057261,2.538451,-0.000000,1.000000;;
												}
											}
										}
									}
								}
								Frame mixamorig_RightHandRing1 {
									FrameTransformMatrix {
										0.994430,0.105395,-0.000000,0.000000,
										-0.104525,0.986228,-0.128177,0.000000,
										-0.013509,0.127463,0.991751,0.000000,
										-1.318436,11.095921,0.178815,1.000000;;
									}
									Frame mixamorig_RightHandRing2 {
										FrameTransformMatrix {
											1.000000,0.000000,0.000000,0.000000,
											0.000000,0.949020,-0.315216,0.000000,
											0.000000,0.315216,0.949020,0.000000,
											-0.037767,2.875236,-0.000000,1.000000;;
										}
										Frame mixamorig_RightHandRing3 {
											FrameTransformMatrix {
												1.000000,0.000000,-0.000000,0.000000,
												-0.000000,0.984593,-0.174859,0.000000,
												0.000000,0.174859,0.984593,0.000000,
												0.008583,2.694868,-0.000000,1.000000;;
											}
											Frame mixamorig_RightHandRing4 {
												FrameTransformMatrix {
													1.000000,-0.000000,0.000000,0.000000,
													0.000000,1.000000,0.000000,0.000000,
													-0.000000,-0.000000,1.000000,0.000000,
													0.029184,2.360416,-0.000000,1.000000;;
												}
											}
										}
									}
								}
								Frame mixamorig_RightHandPinky1 {
									FrameTransformMatrix {
										0.950507,0.310705,-0.000000,0.000000,
										-0.304759,0.932319,-0.194688,0.000000,
										-0.060490,0.185052,0.980865,0.000000,
										-3.158124,9.809884,0.152362,1.000000;;
									}
									Frame mixamorig_RightHandPinky2 {
										FrameTransformMatrix {
											1.000000,-0.000000,0.000000,0.000000,
											0.000000,0.919506,-0.393077,0.000000,
											0.000000,0.393077,0.919506,0.000000,
											0.016399,2.855931,-0.000000,1.000000;;
										}
										Frame mixamorig_RightHandPinky3 {
											FrameTransformMatrix {
												1.000000,-0.000000,0.000000,0.000000,
												0.000000,0.974769,-0.223216,0.000000,
												-0.000000,0.223216,0.974769,0.000000,
												-0.005530,2.304318,-0.000000,1.000000;;
											}
											Frame mixamorig_RightHandPinky4 {
												FrameTransformMatrix {
													1.000000,-0.000000,0.000000,0.000000,
													0.000000,1.000000,0.000000,0.000000,
													-0.000000,-0.000000,1.000000,0.000000,
													-0.010869,1.994622,-0.000000,1.000000;;
												}
											}
										}
									}
								}
							}
						}
					}
				}
			}
		}
	}
	Frame mixamorig_LeftUpLeg {
		FrameTransformMatrix {
			-0.994837,-0.101308,0.006047,0.000000,
			0.101488,-0.993069,0.059281,0.000000,
			0.000000,0.059588,0.998223,0.000000,
			9.640739,-6.119278,-0.586611,1.000000;;
		}
		Frame mixamorig_LeftLeg {
			FrameTransformMatrix {
				0.999911,0.013370,-0.000000,0.000000,
				-0.013348,0.998315,0.056467,0.000000,
				0.000755,-0.056462,0.998404,0.000000,
				0.000000,45.053291,-0.000000,1.000000;;
			}
			Frame mixamorig_LeftFoot {
				FrameTransformMatrix {
					0.976062,-0.000000,-0.217492,0.000000,
					-0.189754,0.488677,-0.851580,0.000000,
					0.106283,0.872465,0.476979,0.000000,
					0.000000,42.823772,-0.000000,1.000000;;
				}
				Frame mixamorig_LeftToeBase {
					FrameTransformMatrix {
						0.995585,0.000000,-0.093863,0.000000,
						-0.051165,0.838369,-0.542697,0.000000,
						0.078692,0.545103,0.834667,0.000000,
						0.000000,16.588381,0.000000,1.000000;;
					}
					Frame mixamorig_LeftToe_End {
						FrameTransformMatrix {
							1.000000,0.000000,-0.000000,0.000000,
							-0.000000,1.000000,-0.000000,0.000000,
							0.000000,0.000000,1.000000,0.000000,
							-0.000000,6.714916,0.000000,1.000000;;
						}
					}
				}
			}
		}
	}
	Frame mixamorig_RightUpLeg {
		FrameTransformMatrix {
			-0.994833,0.101387,-0.005333,0.000000,
			-0.101528,-0.993459,0.052260,0.000000,
			-0.000000,0.052531,0.998619,0.000000,
			-9.640739,-6.119278,-0.358860,1.000000;;
		}
		Frame mixamorig_RightLeg {
			FrameTransformMatrix {
				0.999911,-0.013365,0.000000,0.000000,
				0.013336,0.997752,0.065681,0.000000,
				-0.000878,-0.065675,0.997841,0.000000,
				-0.000000,45.035599,0.000000,1.000000;;
			}
			Frame mixamorig_RightFoot {
				FrameTransformMatrix {
					0.976864,0.000000,0.213861,0.000000,
					0.187468,0.481234,-0.856311,0.000000,
					-0.102917,0.876592,0.470100,0.000000,
					-0.000000,42.834618,-0.000000,1.000000;;
				}
				Frame mixamorig_RightToeBase {
					FrameTransformMatrix {
						0.994956,0.000000,0.100310,0.000000,
						0.054161,0.841704,-0.537215,0.000000,
						-0.084431,0.539939,0.837459,0.000000,
						-0.000000,16.735941,0.000000,1.000000;;
					}
					Frame mixamorig_RightToe_End {
						FrameTransformMatrix {
							1.000000,0.000000,0.000000,0.000000,
							-0.000000,1.000000,0.000000,0.000000,
							-0.000000,-0.000000,1.000000,0.000000,
							-0.000000,6.713154,-0.000000,1.000000;;
						}
					}
				}
			}
		}
	}
}
AnimationSet AimIdle {
	Animation {
		{mixamorig_Hips}
		AnimationKey {
			4;
			187;
			0;16;
			0.767277,0.030323,-0.640598,0.000000,
			0.120850,0.974150,0.190860,0.000000,
			0.629826,-0.223859,0.743778,0.000000,
			0.591881,99.869255,0.955285,1.000000;;,
			1;16;
			0.767163,0.030098,-0.640745,0.000000,
			0.120986,0.974181,0.190616,0.000000,
			0.629939,-0.223754,0.743714,0.000000,
			0.587556,99.870544,0.944935,1.000000;;,
			2;16;
			0.766988,0.029870,-0.640966,0.000000,
			0.121079,0.974234,0.190285,0.000000,
			0.630135,-0.223554,0.743609,0.000000,
			0.583824,99.870811,0.934615,1.000000;;,
			3;16;
			0.766815,0.029569,-0.641187,0.000000,
			0.121265,0.974275,0.189954,0.000000,
			0.630309,-0.223414,0.743503,0.000000,
			0.580715,99.871613,0.924399,1.000000;;,
			4;16;
			0.766762,0.029346,-0.641260,0.000000,
			0.121322,0.974327,0.189654,0.000000,
			0.630363,-0.223218,0.743516,0.000000,
			0.577714,99.873810,0.914400,1.000000;;,
			5;16;
			0.766712,0.029049,-0.641334,0.000000,
			0.121472,0.974366,0.189354,0.000000,
			0.630395,-0.223084,0.743529,0.000000,
			0.576016,99.876900,0.904754,1.000000;;,
			6;16;
			0.766661,0.028753,-0.641407,0.000000,
			0.121622,0.974406,0.189053,0.000000,
			0.630427,-0.222949,0.743542,0.000000,
			0.574652,99.879196,0.895450,1.000000;;,
			7;16;
			0.766672,0.028459,-0.641407,0.000000,
			0.121815,0.974423,0.188839,0.000000,
			0.630377,-0.222911,0.743597,0.000000,
			0.573661,99.879547,0.886579,1.000000;;,
			8;16;
			0.766742,0.028241,-0.641334,0.000000,
			0.121895,0.974452,0.188641,0.000000,
			0.630276,-0.222814,0.743711,0.000000,
			0.572732,99.877785,0.878353,1.000000;;,
			9;16;
			0.766750,0.028020,-0.641334,0.000000,
			0.122055,0.974459,0.188498,0.000000,
			0.630236,-0.222809,0.743747,0.000000,
			0.572253,99.874466,0.870548,1.000000;;,
			10;16;
			0.766819,0.027802,-0.641260,0.000000,
			0.122196,0.974466,0.188370,0.000000,
			0.630124,-0.222806,0.743842,0.000000,
			0.572203,99.870216,0.863046,1.000000;;,
			11;16;
			0.766827,0.027581,-0.641260,0.000000,
			0.122416,0.974452,0.188299,0.000000,
			0.630071,-0.222894,0.743860,0.000000,
			0.572384,99.866005,0.856219,1.000000;;,
			12;16;
			0.766835,0.027361,-0.641260,0.000000,
			0.122576,0.974460,0.188157,0.000000,
			0.630031,-0.222888,0.743897,0.000000,
			0.573113,99.862442,0.850489,1.000000;;,
			13;16;
			0.766905,0.027142,-0.641187,0.000000,
			0.122717,0.974467,0.188029,0.000000,
			0.629919,-0.222885,0.743992,0.000000,
			0.573845,99.859589,0.846873,1.000000;;,
			14;16;
			0.766974,0.026924,-0.641113,0.000000,
			0.122859,0.974474,0.187901,0.000000,
			0.629807,-0.222882,0.744088,0.000000,
			0.574585,99.856995,0.844645,1.000000;;,
			15;16;
			0.766982,0.026703,-0.641113,0.000000,
			0.123078,0.974460,0.187830,0.000000,
			0.629755,-0.222969,0.744106,0.000000,
			0.575788,99.853516,0.842571,1.000000;;,
			16;16;
			0.766989,0.026483,-0.641113,0.000000,
			0.123238,0.974467,0.187687,0.000000,
			0.629714,-0.222964,0.744142,0.000000,
			0.577162,99.848221,0.840535,1.000000;;,
			17;16;
			0.766997,0.026262,-0.641113,0.000000,
			0.123458,0.974453,0.187616,0.000000,
			0.629662,-0.223051,0.744160,0.000000,
			0.578656,99.840645,0.838996,1.000000;;,
			18;16;
			0.767002,0.026115,-0.641113,0.000000,
			0.123584,0.974451,0.187545,0.000000,
			0.629631,-0.223079,0.744178,0.000000,
			0.580288,99.831451,0.837722,1.000000;;,
			19;16;
			0.766884,0.025964,-0.641260,0.000000,
			0.123686,0.974471,0.187372,0.000000,
			0.629754,-0.223008,0.744095,0.000000,
			0.582307,99.820961,0.836152,1.000000;;,
			20;16;
			0.766827,0.025815,-0.641334,0.000000,
			0.123831,0.974469,0.187286,0.000000,
			0.629795,-0.223033,0.744053,0.000000,
			0.584781,99.810211,0.834353,1.000000;;,
			21;16;
			0.766769,0.025739,-0.641407,0.000000,
			0.123942,0.974458,0.187271,0.000000,
			0.629845,-0.223091,0.743993,0.000000,
			0.587651,99.800652,0.832816,1.000000;;,
			22;16;
			0.766712,0.025590,-0.641481,0.000000,
			0.124147,0.974435,0.187256,0.000000,
			0.629873,-0.223209,0.743934,0.000000,
			0.590953,99.793037,0.831606,1.000000;;,
			23;16;
			0.766591,0.025513,-0.641628,0.000000,
			0.124276,0.974424,0.187226,0.000000,
			0.629994,-0.223265,0.743814,0.000000,
			0.594838,99.787010,0.830481,1.000000;;,
			24;16;
			0.766532,0.025437,-0.641702,0.000000,
			0.124388,0.974413,0.187211,0.000000,
			0.630044,-0.223323,0.743755,0.000000,
			0.599162,99.780991,0.829466,1.000000;;,
			25;16;
			0.766409,0.025433,-0.641849,0.000000,
			0.124484,0.974392,0.187252,0.000000,
			0.630175,-0.223411,0.743617,0.000000,
			0.603888,99.773796,0.828477,1.000000;;,
			26;16;
			0.766289,0.025355,-0.641996,0.000000,
			0.124674,0.974360,0.187293,0.000000,
			0.630284,-0.223560,0.743480,0.000000,
			0.608684,99.765259,0.827643,1.000000;;,
			27;16;
			0.766291,0.025282,-0.641996,0.000000,
			0.124827,0.974327,0.187364,0.000000,
			0.630251,-0.223714,0.743462,0.000000,
			0.613356,99.756142,0.827038,1.000000;;,
			28;16;
			0.766230,0.025280,-0.642069,0.000000,
			0.124906,0.974306,0.187421,0.000000,
			0.630310,-0.223805,0.743385,0.000000,
			0.617955,99.747116,0.826645,1.000000;;,
			29;16;
			0.766230,0.025280,-0.642069,0.000000,
			0.124966,0.974284,0.187492,0.000000,
			0.630298,-0.223899,0.743367,0.000000,
			0.622305,99.738571,0.826477,1.000000;;,
			30;16;
			0.766294,0.025208,-0.641996,0.000000,
			0.125102,0.974250,0.187578,0.000000,
			0.630193,-0.224055,0.743408,0.000000,
			0.626499,99.730606,0.826536,1.000000;;,
			31;16;
			0.766294,0.025208,-0.641996,0.000000,
			0.125163,0.974229,0.187649,0.000000,
			0.630181,-0.224148,0.743390,0.000000,
			0.630322,99.723450,0.826929,1.000000;;,
			32;16;
			0.766353,0.025284,-0.641922,0.000000,
			0.125112,0.974219,0.187736,0.000000,
			0.630119,-0.224184,0.743432,0.000000,
			0.633962,99.717201,0.827653,1.000000;;,
			33;16;
			0.766414,0.025286,-0.641849,0.000000,
			0.125214,0.974175,0.187893,0.000000,
			0.630024,-0.224373,0.743456,0.000000,
			0.638042,99.711685,0.828674,1.000000;;,
			34;16;
			0.766414,0.025286,-0.641849,0.000000,
			0.125275,0.974154,0.187965,0.000000,
			0.630012,-0.224466,0.743438,0.000000,
			0.643817,99.706055,0.830011,1.000000;;,
			35;16;
			0.766476,0.025288,-0.641775,0.000000,
			0.125378,0.974110,0.188122,0.000000,
			0.629917,-0.224655,0.743461,0.000000,
			0.649854,99.699669,0.831696,1.000000;;,
			36;16;
			0.766537,0.025290,-0.641702,0.000000,
			0.125420,0.974088,0.188209,0.000000,
			0.629834,-0.224751,0.743503,0.000000,
			0.656164,99.692757,0.833767,1.000000;;,
			37;16;
			0.766596,0.025366,-0.641628,0.000000,
			0.125429,0.974056,0.188366,0.000000,
			0.629760,-0.224880,0.743526,0.000000,
			0.662734,99.686058,0.836234,1.000000;;,
			38;16;
			0.766596,0.025366,-0.641628,0.000000,
			0.125490,0.974035,0.188438,0.000000,
			0.629748,-0.224973,0.743508,0.000000,
			0.669505,99.680153,0.839862,1.000000;;,
			39;16;
			0.766655,0.025441,-0.641555,0.000000,
			0.125499,0.974003,0.188595,0.000000,
			0.629674,-0.225102,0.743532,0.000000,
			0.676450,99.674652,0.844383,1.000000;;,
			40;16;
			0.766714,0.025517,-0.641481,0.000000,
			0.125508,0.973971,0.188753,0.000000,
			0.629600,-0.225231,0.743555,0.000000,
			0.683545,99.669380,0.849365,1.000000;;,
			41;16;
			0.766714,0.025517,-0.641481,0.000000,
			0.125569,0.973950,0.188824,0.000000,
			0.629588,-0.225324,0.743537,0.000000,
			0.690771,99.664154,0.854702,1.000000;;,
			42;16;
			0.766773,0.025592,-0.641407,0.000000,
			0.125578,0.973918,0.188982,0.000000,
			0.629515,-0.225453,0.743561,0.000000,
			0.698115,99.659019,0.860260,1.000000;;,
			43;16;
			0.766771,0.025666,-0.641407,0.000000,
			0.125605,0.973887,0.189125,0.000000,
			0.629512,-0.225579,0.743524,0.000000,
			0.705526,99.653984,0.865962,1.000000;;,
			44;16;
			0.766830,0.025741,-0.641334,0.000000,
			0.125614,0.973855,0.189282,0.000000,
			0.629439,-0.225708,0.743548,0.000000,
			0.712379,99.648964,0.871113,1.000000;;,
			45;16;
			0.766827,0.025815,-0.641334,0.000000,
			0.125642,0.973824,0.189425,0.000000,
			0.629436,-0.225834,0.743511,0.000000,
			0.722136,99.643936,0.879141,1.000000;;,
			46;16;
			0.766825,0.025888,-0.641334,0.000000,
			0.125669,0.973792,0.189567,0.000000,
			0.629434,-0.225961,0.743475,0.000000,
			0.737911,99.638771,0.893099,1.000000;;,
			47;16;
			0.766881,0.026037,-0.641260,0.000000,
			0.125645,0.973751,0.189796,0.000000,
			0.629370,-0.226123,0.743480,0.000000,
			0.745422,99.627876,0.903524,1.000000;;,
			48;16;
			0.766940,0.026113,-0.641187,0.000000,
			0.125534,0.973762,0.189812,0.000000,
			0.629320,-0.226065,0.743539,0.000000,
			0.752925,99.623772,0.915683,1.000000;;,
			49;16;
			0.766999,0.026189,-0.641113,0.000000,
			0.125482,0.973752,0.189898,0.000000,
			0.629258,-0.226100,0.743581,0.000000,
			0.760151,99.620422,0.928861,1.000000;;,
			50;16;
			0.767058,0.026264,-0.641040,0.000000,
			0.125431,0.973742,0.189985,0.000000,
			0.629197,-0.226136,0.743622,0.000000,
			0.767031,99.617790,0.942882,1.000000;;,
			51;16;
			0.767179,0.026342,-0.640892,0.000000,
			0.125362,0.973731,0.190086,0.000000,
			0.629064,-0.226174,0.743723,0.000000,
			0.773605,99.615898,0.957506,1.000000;;,
			52;16;
			0.767296,0.026493,-0.640745,0.000000,
			0.125199,0.973732,0.190188,0.000000,
			0.628953,-0.226151,0.743824,0.000000,
			0.779860,99.614914,0.972549,1.000000;;,
			53;16;
			0.767416,0.026571,-0.640598,0.000000,
			0.125129,0.973721,0.190290,0.000000,
			0.628820,-0.226189,0.743925,0.000000,
			0.785849,99.615662,0.987764,1.000000;;,
			54;16;
			0.767534,0.026723,-0.640451,0.000000,
			0.125027,0.973700,0.190463,0.000000,
			0.628697,-0.226260,0.744007,0.000000,
			0.790864,99.617661,1.002998,1.000000;;,
			55;16;
			0.767590,0.026872,-0.640377,0.000000,
			0.124942,0.973680,0.190621,0.000000,
			0.628645,-0.226329,0.744030,0.000000,
			0.794506,99.620819,1.018007,1.000000;;,
			56;16;
			0.767647,0.027021,-0.640303,0.000000,
			0.124858,0.973660,0.190779,0.000000,
			0.628593,-0.226398,0.744053,0.000000,
			0.796742,99.624954,1.032614,1.000000;;,
			57;16;
			0.767703,0.027171,-0.640230,0.000000,
			0.124773,0.973640,0.190937,0.000000,
			0.628541,-0.226466,0.744076,0.000000,
			0.797939,99.629814,1.046563,1.000000;;,
			58;16;
			0.767634,0.027389,-0.640303,0.000000,
			0.124572,0.973655,0.190993,0.000000,
			0.628666,-0.226376,0.743998,0.000000,
			0.798446,99.634872,1.059660,1.000000;;,
			59;16;
			0.767567,0.027534,-0.640377,0.000000,
			0.124524,0.973636,0.191120,0.000000,
			0.628756,-0.226440,0.743902,0.000000,
			0.798451,99.639893,1.071694,1.000000;;,
			60;16;
			0.767562,0.027681,-0.640377,0.000000,
			0.124458,0.973616,0.191263,0.000000,
			0.628776,-0.226506,0.743865,0.000000,
			0.798127,99.645050,1.082543,1.000000;;,
			61;16;
			0.767492,0.027900,-0.640451,0.000000,
			0.124317,0.973609,0.191390,0.000000,
			0.628889,-0.226509,0.743769,0.000000,
			0.797903,99.650551,1.091986,1.000000;;,
			62;16;
			0.767425,0.028045,-0.640524,0.000000,
			0.124269,0.973590,0.191517,0.000000,
			0.628980,-0.226573,0.743673,0.000000,
			0.797942,99.656372,1.099812,1.000000;;,
			63;16;
			0.767420,0.028192,-0.640524,0.000000,
			0.124143,0.973593,0.191589,0.000000,
			0.629011,-0.226546,0.743655,0.000000,
			0.797211,99.662613,1.105995,1.000000;;,
			64;16;
			0.767476,0.028341,-0.640451,0.000000,
			0.124058,0.973572,0.191747,0.000000,
			0.628959,-0.226614,0.743677,0.000000,
			0.795834,99.666367,1.111089,1.000000;;,
			65;16;
			0.767409,0.028486,-0.640524,0.000000,
			0.123950,0.973575,0.191803,0.000000,
			0.629062,-0.226584,0.743599,0.000000,
			0.793704,99.669289,1.115199,1.000000;;,
			66;16;
			0.767465,0.028636,-0.640451,0.000000,
			0.123806,0.973576,0.191889,0.000000,
			0.629023,-0.226560,0.743640,0.000000,
			0.790505,99.673317,1.118369,1.000000;;,
			67;16;
			0.767460,0.028783,-0.640451,0.000000,
			0.123679,0.973578,0.191961,0.000000,
			0.629054,-0.226532,0.743622,0.000000,
			0.786270,99.678322,1.120516,1.000000;;,
			68;16;
			0.767393,0.028928,-0.640524,0.000000,
			0.123571,0.973581,0.192016,0.000000,
			0.629157,-0.226502,0.743544,0.000000,
			0.781137,99.683495,1.121590,1.000000;;,
			69;16;
			0.767326,0.029073,-0.640598,0.000000,
			0.123463,0.973584,0.192072,0.000000,
			0.629260,-0.226472,0.743466,0.000000,
			0.775767,99.688385,1.121516,1.000000;;,
			70;16;
			0.767197,0.029215,-0.640745,0.000000,
			0.123374,0.973587,0.192113,0.000000,
			0.629434,-0.226440,0.743329,0.000000,
			0.769865,99.693962,1.120405,1.000000;;,
			71;16;
			0.767256,0.029291,-0.640672,0.000000,
			0.123262,0.973598,0.192128,0.000000,
			0.629384,-0.226382,0.743389,0.000000,
			0.763119,99.699890,1.118391,1.000000;;,
			72;16;
			0.767312,0.029440,-0.640598,0.000000,
			0.123117,0.973599,0.192215,0.000000,
			0.629345,-0.226357,0.743429,0.000000,
			0.755566,99.706245,1.115787,1.000000;;,
			73;16;
			0.767367,0.029590,-0.640524,0.000000,
			0.122972,0.973601,0.192302,0.000000,
			0.629305,-0.226333,0.743471,0.000000,
			0.747657,99.712967,1.112546,1.000000;;,
			74;16;
			0.767485,0.029742,-0.640377,0.000000,
			0.122749,0.973623,0.192332,0.000000,
			0.629206,-0.226218,0.743590,0.000000,
			0.739291,99.719994,1.108776,1.000000;;,
			75;16;
			0.767663,0.029896,-0.640156,0.000000,
			0.122507,0.973644,0.192378,0.000000,
			0.629036,-0.226105,0.743768,0.000000,
			0.730453,99.727287,1.104560,1.000000;;,
			76;16;
			0.767780,0.030048,-0.640009,0.000000,
			0.122344,0.973644,0.192481,0.000000,
			0.628925,-0.226084,0.743868,0.000000,
			0.721657,99.734764,1.099723,1.000000;;,
			77;16;
			0.767774,0.030195,-0.640009,0.000000,
			0.122157,0.973668,0.192481,0.000000,
			0.628968,-0.225963,0.743868,0.000000,
			0.713131,99.742386,1.094237,1.000000;;,
			78;16;
			0.767768,0.030343,-0.640009,0.000000,
			0.122031,0.973670,0.192552,0.000000,
			0.629000,-0.225936,0.743850,0.000000,
			0.704754,99.750076,1.088244,1.000000;;,
			79;16;
			0.767701,0.030487,-0.640083,0.000000,
			0.121862,0.973694,0.192536,0.000000,
			0.629114,-0.225812,0.743790,0.000000,
			0.696638,99.758049,1.081828,1.000000;;,
			80;16;
			0.767573,0.030630,-0.640230,0.000000,
			0.121773,0.973697,0.192577,0.000000,
			0.629288,-0.225779,0.743653,0.000000,
			0.688706,99.765976,1.074952,1.000000;;,
			81;16;
			0.767444,0.030772,-0.640377,0.000000,
			0.121623,0.973722,0.192546,0.000000,
			0.629474,-0.225653,0.743534,0.000000,
			0.680707,99.774010,1.067693,1.000000;;,
			82;16;
			0.767380,0.030843,-0.640451,0.000000,
			0.121608,0.973712,0.192602,0.000000,
			0.629555,-0.225683,0.743456,0.000000,
			0.672344,99.782600,1.060188,1.000000;;,
			83;16;
			0.767251,0.030985,-0.640598,0.000000,
			0.121459,0.973737,0.192571,0.000000,
			0.629741,-0.225557,0.743337,0.000000,
			0.664029,99.791901,1.052306,1.000000;;,
			84;16;
			0.767309,0.031061,-0.640524,0.000000,
			0.121347,0.973748,0.192587,0.000000,
			0.629691,-0.225499,0.743397,0.000000,
			0.655341,99.801704,1.044285,1.000000;;,
			85;16;
			0.767306,0.031135,-0.640524,0.000000,
			0.121193,0.973781,0.192515,0.000000,
			0.629725,-0.225345,0.743415,0.000000,
			0.646775,99.811356,1.035743,1.000000;;,
			86;16;
			0.767306,0.031135,-0.640524,0.000000,
			0.121133,0.973803,0.192444,0.000000,
			0.629736,-0.225252,0.743434,0.000000,
			0.638703,99.820473,1.026661,1.000000;;,
			87;16;
			0.767368,0.031137,-0.640451,0.000000,
			0.120994,0.973845,0.192317,0.000000,
			0.629688,-0.225068,0.743530,0.000000,
			0.630567,99.829193,1.017410,1.000000;;,
			88;16;
			0.767429,0.031140,-0.640377,0.000000,
			0.120854,0.973888,0.192190,0.000000,
			0.629640,-0.224884,0.743626,0.000000,
			0.623089,99.837753,1.007890,1.000000;;,
			89;16;
			0.767555,0.031071,-0.640230,0.000000,
			0.120730,0.973939,0.192007,0.000000,
			0.629511,-0.224670,0.743801,0.000000,
			0.615773,99.846252,0.998006,1.000000;;,
			90;16;
			0.767499,0.030922,-0.640303,0.000000,
			0.120754,0.973981,0.191777,0.000000,
			0.629574,-0.224508,0.743796,0.000000,
			0.609075,99.853889,0.987685,1.000000;;,
			91;16;
			0.767444,0.030772,-0.640377,0.000000,
			0.120718,0.974045,0.191477,0.000000,
			0.629648,-0.224252,0.743810,0.000000,
			0.602816,99.860519,0.977042,1.000000;;,
			92;16;
			0.767330,0.030546,-0.640524,0.000000,
			0.120853,0.974076,0.191232,0.000000,
			0.629761,-0.224148,0.743746,0.000000,
			0.597173,99.865845,0.966150,1.000000;;,
			93;16;
			0.767277,0.030323,-0.640598,0.000000,
			0.120910,0.974128,0.190932,0.000000,
			0.629814,-0.223953,0.743760,0.000000,
			0.591881,99.869255,0.955285,1.000000;;,
			94;16;
			0.767163,0.030098,-0.640745,0.000000,
			0.120986,0.974181,0.190616,0.000000,
			0.629939,-0.223754,0.743714,0.000000,
			0.587556,99.870544,0.944935,1.000000;;,
			95;16;
			0.766988,0.029870,-0.640966,0.000000,
			0.121079,0.974234,0.190285,0.000000,
			0.630135,-0.223554,0.743609,0.000000,
			0.583824,99.870811,0.934615,1.000000;;,
			96;16;
			0.766815,0.029569,-0.641187,0.000000,
			0.121265,0.974275,0.189954,0.000000,
			0.630309,-0.223414,0.743503,0.000000,
			0.580715,99.871613,0.924399,1.000000;;,
			97;16;
			0.766762,0.029346,-0.641260,0.000000,
			0.121322,0.974327,0.189654,0.000000,
			0.630363,-0.223218,0.743516,0.000000,
			0.577714,99.873810,0.914400,1.000000;;,
			98;16;
			0.766712,0.029049,-0.641334,0.000000,
			0.121472,0.974366,0.189354,0.000000,
			0.630395,-0.223084,0.743529,0.000000,
			0.576016,99.876900,0.904753,1.000000;;,
			99;16;
			0.766661,0.028753,-0.641407,0.000000,
			0.121622,0.974406,0.189053,0.000000,
			0.630427,-0.222949,0.743542,0.000000,
			0.574652,99.879196,0.895450,1.000000;;,
			100;16;
			0.766672,0.028459,-0.641407,0.000000,
			0.121815,0.974423,0.188839,0.000000,
			0.630377,-0.222911,0.743597,0.000000,
			0.573661,99.879547,0.886579,1.000000;;,
			101;16;
			0.766742,0.028241,-0.641334,0.000000,
			0.121895,0.974452,0.188641,0.000000,
			0.630276,-0.222814,0.743711,0.000000,
			0.572732,99.877785,0.878353,1.000000;;,
			102;16;
			0.766750,0.028020,-0.641334,0.000000,
			0.122055,0.974459,0.188498,0.000000,
			0.630236,-0.222809,0.743747,0.000000,
			0.572253,99.874466,0.870548,1.000000;;,
			103;16;
			0.766819,0.027802,-0.641260,0.000000,
			0.122196,0.974466,0.188370,0.000000,
			0.630124,-0.222806,0.743842,0.000000,
			0.572203,99.870216,0.863046,1.000000;;,
			104;16;
			0.766827,0.027581,-0.641260,0.000000,
			0.122416,0.974452,0.188299,0.000000,
			0.630071,-0.222894,0.743860,0.000000,
			0.572384,99.866005,0.856219,1.000000;;,
			105;16;
			0.766835,0.027361,-0.641260,0.000000,
			0.122576,0.974460,0.188157,0.000000,
			0.630031,-0.222888,0.743897,0.000000,
			0.573113,99.862442,0.850489,1.000000;;,
			106;16;
			0.766905,0.027142,-0.641187,0.000000,
			0.122717,0.974467,0.188029,0.000000,
			0.629919,-0.222885,0.743992,0.000000,
			0.573845,99.859589,0.846873,1.000000;;,
			107;16;
			0.766974,0.026924,-0.641113,0.000000,
			0.122859,0.974474,0.187901,0.000000,
			0.629807,-0.222882,0.744088,0.000000,
			0.574585,99.856995,0.844645,1.000000;;,
			108;16;
			0.766982,0.026703,-0.641113,0.000000,
			0.123078,0.974460,0.187830,0.000000,
			0.629755,-0.222969,0.744106,0.000000,
			0.575788,99.853516,0.842571,1.000000;;,
			109;16;
			0.766989,0.026483,-0.641113,0.000000,
			0.123238,0.974467,0.187687,0.000000,
			0.629714,-0.222964,0.744142,0.000000,
			0.577162,99.848221,0.840535,1.000000;;,
			110;16;
			0.766997,0.026262,-0.641113,0.000000,
			0.123458,0.974453,0.187616,0.000000,
			0.629662,-0.223051,0.744160,0.000000,
			0.578658,99.840660,0.838992,1.000000;;,
			111;16;
			0.767002,0.026115,-0.641113,0.000000,
			0.123584,0.974451,0.187545,0.000000,
			0.629631,-0.223079,0.744178,0.000000,
			0.580288,99.831451,0.837722,1.000000;;,
			112;16;
			0.766884,0.025964,-0.641260,0.000000,
			0.123686,0.974471,0.187372,0.000000,
			0.629754,-0.223008,0.744095,0.000000,
			0.582307,99.820961,0.836152,1.000000;;,
			113;16;
			0.766827,0.025815,-0.641334,0.000000,
			0.123831,0.974469,0.187286,0.000000,
			0.629795,-0.223033,0.744053,0.000000,
			0.584781,99.810211,0.834353,1.000000;;,
			114;16;
			0.766769,0.025739,-0.641407,0.000000,
			0.123942,0.974458,0.187271,0.000000,
			0.629845,-0.223091,0.743993,0.000000,
			0.587651,99.800652,0.832816,1.000000;;,
			115;16;
			0.766712,0.025590,-0.641481,0.000000,
			0.124147,0.974435,0.187256,0.000000,
			0.629873,-0.223209,0.743934,0.000000,
			0.590953,99.793037,0.831606,1.000000;;,
			116;16;
			0.766591,0.025513,-0.641628,0.000000,
			0.124276,0.974424,0.187226,0.000000,
			0.629994,-0.223265,0.743814,0.000000,
			0.594838,99.787010,0.830481,1.000000;;,
			117;16;
			0.766532,0.025437,-0.641702,0.000000,
			0.124388,0.974413,0.187211,0.000000,
			0.630044,-0.223323,0.743755,0.000000,
			0.599162,99.780991,0.829466,1.000000;;,
			118;16;
			0.766409,0.025433,-0.641849,0.000000,
			0.124484,0.974392,0.187252,0.000000,
			0.630175,-0.223411,0.743617,0.000000,
			0.603890,99.773788,0.828476,1.000000;;,
			119;16;
			0.766289,0.025355,-0.641996,0.000000,
			0.124674,0.974360,0.187293,0.000000,
			0.630284,-0.223560,0.743480,0.000000,
			0.608680,99.765259,0.827641,1.000000;;,
			120;16;
			0.766291,0.025282,-0.641996,0.000000,
			0.124827,0.974327,0.187364,0.000000,
			0.630251,-0.223714,0.743462,0.000000,
			0.613356,99.756142,0.827038,1.000000;;,
			121;16;
			0.766230,0.025280,-0.642069,0.000000,
			0.124906,0.974306,0.187421,0.000000,
			0.630310,-0.223805,0.743385,0.000000,
			0.617955,99.747116,0.826645,1.000000;;,
			122;16;
			0.766230,0.025280,-0.642069,0.000000,
			0.124966,0.974284,0.187492,0.000000,
			0.630298,-0.223899,0.743367,0.000000,
