xof 0303txt 0032
Frame Ch44 {
	FrameTransformMatrix {
		1.000000,0.000000,0.000000,0.000000,
		0.000000,1.000000,0.000000,0.000000,
		0.000000,0.000000,1.000000,0.000000,
		0.000000,0.000000,0.000000,1.000000;;
	}
}
Frame mixamorig_Hips {
	FrameTransformMatrix {
		1.000000,0.000000,0.000000,0.000000,
		0.000000,1.000000,0.000000,0.000000,
		0.000000,0.000000,1.000000,0.000000,
		0.000000,103.266609,-1.469107,1.000000;;
	}
	Frame mixamorig_Spine {
		FrameTransformMatrix {
			1.000000,0.000000,0.000000,0.000000,
			0.000000,0.997344,0.072829,0.000000,
			0.000000,-0.072829,0.997344,0.000000,
			0.000000,10.997345,0.803058,1.000000;;
		}
		Frame mixamorig_Spine1 {
			FrameTransformMatrix {
				1.000000,0.000000,0.000000,0.000000,
				0.000000,1.000000,0.000000,0.000000,
				0.000000,-0.000000,1.000000,0.000000,
				0.000000,12.864401,0.000000,1.000000;;
			}
			Frame mixamorig_Spine2 {
				FrameTransformMatrix {
					1.000000,0.000000,0.000000,0.000000,
					0.000000,1.000000,0.000000,0.000000,
					0.000000,0.000000,1.000000,0.000000,
					0.000000,14.702159,-0.000000,1.000000;;
				}
				Frame mixamorig_Neck {
					FrameTransformMatrix {
						1.000000,0.000000,0.000000,0.000000,
						0.000000,0.997344,-0.072829,0.000000,
						0.000000,0.072829,0.997344,0.000000,
						0.000000,16.539940,-0.000002,1.000000;;
					}
					Frame mixamorig_Head {
						FrameTransformMatrix {
							1.000000,0.000000,0.000000,0.000000,
							0.000000,1.000000,0.000000,0.000000,
							0.000000,0.000000,1.000000,0.000000,
							0.000000,6.188477,-2.321620,1.000000;;
						}
						Frame mixamorig_HeadTop_End {
							FrameTransformMatrix {
								1.000000,0.000000,0.000000,0.000000,
								0.000000,1.000000,0.000000,0.000000,
								0.000000,0.000000,1.000000,0.000000,
								0.000000,23.717819,-8.897791,1.000000;;
							}
						}
					}
				}
				Frame mixamorig_LeftShoulder {
					FrameTransformMatrix {
						-0.015629,0.000026,0.999878,0.000000,
						0.965663,-0.259358,0.015101,0.000000,
						0.259327,0.965781,0.004028,0.000000,
						7.985327,14.403621,0.124439,1.000000;;
					}
					Frame mixamorig_LeftArm {
						FrameTransformMatrix {
							0.997591,-0.069377,0.000000,0.000000,
							0.068756,0.988660,0.133504,0.000000,
							-0.009262,-0.133183,0.991048,0.000000,
							0.000000,16.443417,-0.000000,1.000000;;
						}
						Frame mixamorig_LeftForeArm {
							FrameTransformMatrix {
								0.973581,0.228340,0.000000,0.000000,
								-0.227190,0.968679,0.100224,0.000000,
								0.022885,-0.097576,0.994965,0.000000,
								0.000000,20.702911,-0.000000,1.000000;;
							}
							Frame mixamorig_LeftHand {
								FrameTransformMatrix {
									0.972875,0.064872,-0.222050,0.000000,
									-0.112243,0.971690,-0.207893,0.000000,
									0.202277,0.227177,0.952615,0.000000,
									-0.000000,28.480791,-0.000000,1.000000;;
								}
								Frame mixamorig_LeftHandThumb1 {
									FrameTransformMatrix {
										0.781580,0.623805,-0.000000,0.000000,
										-0.593986,0.744218,-0.305484,0.000000,
										-0.190562,0.238760,0.952197,0.000000,
										-2.770290,3.260447,-1.371969,1.000000;;
									}
									Frame mixamorig_LeftHandThumb2 {
										FrameTransformMatrix {
											1.000000,0.000000,0.000000,0.000000,
											0.000000,0.989067,-0.147469,0.000000,
											-0.000000,0.147469,0.989067,0.000000,
											-0.105061,3.592884,0.000000,1.000000;;
										}
										Frame mixamorig_LeftHandThumb3 {
											FrameTransformMatrix {
												1.000000,0.000000,-0.000000,0.000000,
												-0.000000,0.998617,-0.052569,0.000000,
												0.000000,0.052569,0.998617,0.000000,
												-0.033138,3.493665,0.000000,1.000000;;
											}
											Frame mixamorig_LeftHandThumb4 {
												FrameTransformMatrix {
													1.000000,0.000000,0.000000,0.000000,
													0.000000,1.000000,-0.000000,0.000000,
													-0.000000,0.000000,1.000000,0.000000,
													0.138198,2.622627,-0.000000,1.000000;;
												}
											}
										}
									}
								}
								Frame mixamorig_LeftHandIndex1 {
									FrameTransformMatrix {
										0.975732,0.218968,0.000000,0.000000,
										-0.218358,0.973014,-0.074591,0.000000,
										-0.016333,0.072780,0.997214,0.000000,
										-3.258903,10.756469,-0.003820,1.000000;;
									}
									Frame mixamorig_LeftHandIndex2 {
										FrameTransformMatrix {
											1.000000,0.000000,0.000000,0.000000,
											0.000000,0.949059,-0.315097,0.000000,
											0.000000,0.315097,0.949059,0.000000,
											0.109371,2.853128,-0.000000,1.000000;;
										}
										Frame mixamorig_LeftHandIndex3 {
											FrameTransformMatrix {
												1.000000,-0.000000,0.000000,0.000000,
												0.000000,0.999972,0.007531,0.000000,
												-0.000000,-0.007531,0.999972,0.000000,
												-0.061237,2.685963,-0.000000,1.000000;;
											}
											Frame mixamorig_LeftHandIndex4 {
												FrameTransformMatrix {
													1.000000,0.000000,-0.000000,0.000000,
													0.000000,1.000000,0.000000,0.000000,
													0.000000,-0.000000,1.000000,0.000000,
													-0.048135,2.249833,0.000000,1.000000;;
												}
											}
										}
									}
								}
								Frame mixamorig_LeftHandMiddle1 {
									FrameTransformMatrix {
										0.999615,-0.027734,0.000000,0.000000,
										0.027726,0.999345,-0.023271,0.000000,
										0.000645,0.023262,0.999729,0.000000,
										-1.104982,11.061543,0.178979,1.000000;;
									}
									Frame mixamorig_LeftHandMiddle2 {
										FrameTransformMatrix {
											1.000000,-0.000000,0.000000,0.000000,
											0.000000,0.908301,-0.418317,0.000000,
											-0.000000,0.418317,0.908301,0.000000,
											0.088648,3.112893,-0.000000,1.000000;;
										}
										Frame mixamorig_LeftHandMiddle3 {
											FrameTransformMatrix {
												1.000000,0.000000,0.000000,0.000000,
												0.000000,0.997395,-0.072133,0.000000,
												0.000000,0.072133,0.997395,0.000000,
												-0.039374,3.016294,0.000000,1.000000;;
											}
											Frame mixamorig_LeftHandMiddle4 {
												FrameTransformMatrix {
													1.000000,-0.000000,0.000000,0.000000,
													0.000000,1.000000,-0.000000,0.000000,
													-0.000000,0.000000,1.000000,0.000000,
													-0.049274,2.467938,-0.000000,1.000000;;
												}
											}
										}
									}
								}
								Frame mixamorig_LeftHandRing1 {
									FrameTransformMatrix {
										0.989613,-0.143755,-0.000000,0.000000,
										0.142955,0.984103,-0.105385,0.000000,
										0.015150,0.104291,0.994431,0.000000,
										1.260879,10.768150,0.117530,1.000000;;
									}
									Frame mixamorig_LeftHandRing2 {
										FrameTransformMatrix {
											1.000000,0.000000,0.000000,0.000000,
											0.000000,0.958275,-0.285846,0.000000,
											-0.000000,0.285846,0.958275,0.000000,
											0.039008,2.933240,-0.000000,1.000000;;
										}
										Frame mixamorig_LeftHandRing3 {
											FrameTransformMatrix {
												1.000000,0.000000,0.000000,0.000000,
												-0.000000,0.970306,-0.241881,0.000000,
												-0.000000,0.241881,0.970306,0.000000,
												-0.003802,2.869819,0.000000,1.000000;;
											}
											Frame mixamorig_LeftHandRing4 {
												FrameTransformMatrix {
													1.000000,-0.000000,0.000000,0.000000,
													0.000000,1.000000,0.000000,0.000000,
													-0.000000,-0.000000,1.000000,0.000000,
													-0.035205,2.582460,0.000000,1.000000;;
												}
											}
										}
									}
								}
								Frame mixamorig_LeftHandPinky1 {
									FrameTransformMatrix {
										0.923757,-0.382980,-0.000000,0.000000,
										0.371070,0.895028,-0.247451,0.000000,
										0.094769,0.228585,0.968900,0.000000,
										3.103006,9.804624,0.256461,1.000000;;
									}
									Frame mixamorig_LeftHandPinky2 {
										FrameTransformMatrix {
											1.000000,-0.000000,0.000000,0.000000,
											0.000000,0.953661,-0.300883,0.000000,
											0.000000,0.300883,0.953661,0.000000,
											-0.028648,2.793061,-0.000000,1.000000;;
										}
										Frame mixamorig_LeftHandPinky3 {
											FrameTransformMatrix {
												1.000000,-0.000000,0.000000,0.000000,
												0.000000,0.980726,-0.195386,0.000000,
												-0.000000,0.195386,0.980726,0.000000,
												0.003506,2.307577,-0.000000,1.000000;;
											}
											Frame mixamorig_LeftHandPinky4 {
												FrameTransformMatrix {
													1.000000,-0.000000,0.000000,0.000000,
													0.000000,1.000000,-0.000000,0.000000,
													-0.000000,0.000000,1.000000,0.000000,
													0.025142,2.027596,-0.000000,1.000000;;
												}
											}
										}
									}
								}
							}
						}
					}
				}
				Frame mixamorig_RightShoulder {
					FrameTransformMatrix {
						-0.023526,-0.000048,-0.999723,0.000000,
						-0.965663,-0.258801,0.022737,0.000000,
						-0.258730,0.965931,0.006042,0.000000,
						-7.985327,14.408205,0.187225,1.000000;;
					}
					Frame mixamorig_RightArm {
						FrameTransformMatrix {
							0.998693,0.051120,-0.000000,0.000000,
							-0.050671,0.989904,0.132371,0.000000,
							0.006767,-0.132198,0.991200,0.000000,
							0.000000,16.443417,-0.000000,1.000000;;
						}
						Frame mixamorig_RightForeArm {
							FrameTransformMatrix {
								0.975661,-0.219282,-0.000000,0.000000,
								0.218182,0.970764,0.100070,0.000000,
								-0.021944,-0.097635,0.994980,0.000000,
								-0.000000,20.688032,-0.000000,1.000000;;
							}
							Frame mixamorig_RightHand {
								FrameTransformMatrix {
									0.974043,-0.050031,0.220765,0.000000,
									0.097225,0.973196,-0.208415,0.000000,
									-0.204420,0.224469,0.952799,0.000000,
									-0.000000,28.483500,-0.000000,1.000000;;
								}
								Frame mixamorig_RightHandThumb1 {
									FrameTransformMatrix {
										0.765509,-0.643426,0.000000,0.000000,
										0.613035,0.729352,-0.303698,0.000000,
										0.195407,0.232484,0.952768,0.000000,
										2.698716,3.058632,-1.299813,1.000000;;
									}
									Frame mixamorig_RightHandThumb2 {
										FrameTransformMatrix {
											1.000000,-0.000000,-0.000000,0.000000,
											0.000000,0.987204,-0.159463,0.000000,
											0.000000,0.159463,0.987204,0.000000,
											0.078305,3.423988,0.000000,1.000000;;
										}
										Frame mixamorig_RightHandThumb3 {
											FrameTransformMatrix {
												1.000000,0.000000,-0.000000,0.000000,
												-0.000000,0.999012,-0.044446,0.000000,
												0.000000,0.044446,0.999012,0.000000,
												-0.053042,3.564641,-0.000000,1.000000;;
											}
											Frame mixamorig_RightHandThumb4 {
												FrameTransformMatrix {
													1.000000,-0.000000,0.000000,0.000000,
													0.000000,1.000000,-0.000000,0.000000,
													0.000000,0.000000,1.000000,0.000000,
													-0.025264,3.087018,-0.000000,1.000000;;
												}
											}
										}
									}
								}
								Frame mixamorig_RightHandIndex1 {
									FrameTransformMatrix {
										0.978087,-0.208195,0.000000,0.000000,
										0.206884,0.971927,-0.112062,0.000000,
										0.023331,0.109607,0.993701,0.000000,
										3.329366,10.756874,0.008224,1.000000;;
									}
									Frame mixamorig_RightHandIndex2 {
										FrameTransformMatrix {
											1.000000,-0.000000,0.000000,0.000000,
											0.000000,0.959553,-0.281529,0.000000,
											0.000000,0.281529,0.959553,0.000000,
											-0.077823,2.776619,0.000000,1.000000;;
										}
										Frame mixamorig_RightHandIndex3 {
											FrameTransformMatrix {
												1.000000,0.000000,0.000000,0.000000,
												-0.000000,0.997985,0.063452,0.000000,
												-0.000000,-0.063452,0.997985,0.000000,
												0.057177,2.737660,-0.000000,1.000000;;
											}
											Frame mixamorig_RightHandIndex4 {
												FrameTransformMatrix {
													1.000000,0.000000,0.000000,0.000000,
													-0.000000,1.000000,0.000000,0.000000,
													-0.000000,-0.000000,1.000000,0.000000,
													0.020645,2.185542,0.000000,1.000000;;
												}
											}
										}
									}
								}
								Frame mixamorig_RightHandMiddle1 {
									FrameTransformMatrix {
										0.999995,-0.003233,-0.000000,0.000000,
										0.003224,0.997271,-0.073758,0.000000,
										0.000238,0.073758,0.997276,0.000000,
										1.147194,11.013397,0.263927,1.000000;;
									}
									Frame mixamorig_RightHandMiddle2 {
										FrameTransformMatrix {
											1.000000,-0.000000,0.000000,0.000000,
											0.000000,0.929103,-0.369821,0.000000,
											-0.000000,0.369821,0.929103,0.000000,
											-0.085029,3.240009,0.000000,1.000000;;
										}
										Frame mixamorig_RightHandMiddle3 {
											FrameTransformMatrix {
												1.000000,0.000000,0.000000,0.000000,
												0.000000,0.989832,-0.142239,0.000000,
												0.000000,0.142239,0.989832,0.000000,
												0.027768,3.001971,0.000000,1.000000;;
											}
											Frame mixamorig_RightHandMiddle4 {
												FrameTransformMatrix {
													1.000000,-0.000000,0.000000,0.000000,
													0.000000,1.000000,-0.000000,0.000000,
													-0.000000,0.000000,1.000000,0.000000,
													0.057261,2.538451,-0.000000,1.000000;;
												}
											}
										}
									}
								}
								Frame mixamorig_RightHandRing1 {
									FrameTransformMatrix {
										0.994430,0.105395,-0.000000,0.000000,
										-0.104525,0.986228,-0.128177,0.000000,
										-0.013509,0.127463,0.991751,0.000000,
										-1.318436,11.095921,0.178815,1.000000;;
									}
									Frame mixamorig_RightHandRing2 {
										FrameTransformMatrix {
											1.000000,0.000000,0.000000,0.000000,
											0.000000,0.949020,-0.315216,0.000000,
											0.000000,0.315216,0.949020,0.000000,
											-0.037767,2.875236,-0.000000,1.000000;;
										}
										Frame mixamorig_RightHandRing3 {
											FrameTransformMatrix {
												1.000000,0.000000,-0.000000,0.000000,
												-0.000000,0.984593,-0.174859,0.000000,
												0.000000,0.174859,0.984593,0.000000,
												0.008583,2.694868,-0.000000,1.000000;;
											}
											Frame mixamorig_RightHandRing4 {
												FrameTransformMatrix {
													1.000000,-0.000000,0.000000,0.000000,
													0.000000,1.000000,0.000000,0.000000,
													-0.000000,-0.000000,1.000000,0.000000,
													0.029184,2.360416,-0.000000,1.000000;;
												}
											}
										}
									}
								}
								Frame mixamorig_RightHandPinky1 {
									FrameTransformMatrix {
										0.950507,0.310705,-0.000000,0.000000,
										-0.304759,0.932319,-0.194688,0.000000,
										-0.060490,0.185052,0.980865,0.000000,
										-3.158124,9.809884,0.152362,1.000000;;
									}
									Frame mixamorig_RightHandPinky2 {
										FrameTransformMatrix {
											1.000000,-0.000000,0.000000,0.000000,
											0.000000,0.919506,-0.393077,0.000000,
											0.000000,0.393077,0.919506,0.000000,
											0.016399,2.855931,-0.000000,1.000000;;
										}
										Frame mixamorig_RightHandPinky3 {
											FrameTransformMatrix {
												1.000000,-0.000000,0.000000,0.000000,
												0.000000,0.974769,-0.223216,0.000000,
												-0.000000,0.223216,0.974769,0.000000,
												-0.005530,2.304318,-0.000000,1.000000;;
											}
											Frame mixamorig_RightHandPinky4 {
												FrameTransformMatrix {
													1.000000,-0.000000,0.000000,0.000000,
													0.000000,1.000000,0.000000,0.000000,
													-0.000000,-0.000000,1.000000,0.000000,
													-0.010869,1.994622,-0.000000,1.000000;;
												}
											}
										}
									}
								}
							}
						}
					}
				}
			}
		}
	}
	Frame mixamorig_LeftUpLeg {
		FrameTransformMatrix {
			-0.994837,-0.101308,0.006047,0.000000,
			0.101488,-0.993069,0.059281,0.000000,
			0.000000,0.059588,0.998223,0.000000,
			9.640739,-6.119278,-0.586611,1.000000;;
		}
		Frame mixamorig_LeftLeg {
			FrameTransformMatrix {
				0.999911,0.013370,-0.000000,0.000000,
				-0.013348,0.998315,0.056467,0.000000,
				0.000755,-0.056462,0.998404,0.000000,
				0.000000,45.053291,-0.000000,1.000000;;
			}
			Frame mixamorig_LeftFoot {
				FrameTransformMatrix {
					0.976062,-0.000000,-0.217492,0.000000,
					-0.189754,0.488677,-0.851580,0.000000,
					0.106283,0.872465,0.476979,0.000000,
					0.000000,42.823772,-0.000000,1.000000;;
				}
				Frame mixamorig_LeftToeBase {
					FrameTransformMatrix {
						0.995585,0.000000,-0.093863,0.000000,
						-0.051165,0.838369,-0.542697,0.000000,
						0.078692,0.545103,0.834667,0.000000,
						0.000000,16.588381,0.000000,1.000000;;
					}
					Frame mixamorig_LeftToe_End {
						FrameTransformMatrix {
							1.000000,0.000000,-0.000000,0.000000,
							-0.000000,1.000000,-0.000000,0.000000,
							0.000000,0.000000,1.000000,0.000000,
							-0.000000,6.714916,0.000000,1.000000;;
						}
					}
				}
			}
		}
	}
	Frame mixamorig_RightUpLeg {
		FrameTransformMatrix {
			-0.994833,0.101387,-0.005333,0.000000,
			-0.101528,-0.993459,0.052260,0.000000,
			-0.000000,0.052531,0.998619,0.000000,
			-9.640739,-6.119278,-0.358860,1.000000;;
		}
		Frame mixamorig_RightLeg {
			FrameTransformMatrix {
				0.999911,-0.013365,0.000000,0.000000,
				0.013336,0.997752,0.065681,0.000000,
				-0.000878,-0.065675,0.997841,0.000000,
				-0.000000,45.035599,0.000000,1.000000;;
			}
			Frame mixamorig_RightFoot {
				FrameTransformMatrix {
					0.976864,0.000000,0.213861,0.000000,
					0.187468,0.481234,-0.856311,0.000000,
					-0.102917,0.876592,0.470100,0.000000,
					-0.000000,42.834618,-0.000000,1.000000;;
				}
				Frame mixamorig_RightToeBase {
					FrameTransformMatrix {
						0.994956,0.000000,0.100310,0.000000,
						0.054161,0.841704,-0.537215,0.000000,
						-0.084431,0.539939,0.837459,0.000000,
						-0.000000,16.735941,0.000000,1.000000;;
					}
					Frame mixamorig_RightToe_End {
						FrameTransformMatrix {
							1.000000,0.000000,0.000000,0.000000,
							-0.000000,1.000000,0.000000,0.000000,
							-0.000000,-0.000000,1.000000,0.000000,
							-0.000000,6.713154,-0.000000,1.000000;;
						}
					}
				}
			}
		}
	}
}
AnimationSet Roll {
	Animation {
		{mixamorig_Hips}
		AnimationKey {
			4;
			72;
			0;16;
			0.729705,0.003008,-0.683756,0.000000,
			0.050831,0.996985,0.058633,0.000000,
			0.681870,-0.077541,0.727352,0.000000,
			0.453245,96.553963,0.572442,1.000000;;,
			1;16;
			0.746903,-0.003151,-0.664926,0.000000,
			0.028435,0.999225,0.027205,0.000000,
			0.664325,-0.039227,0.746414,0.000000,
			0.344098,95.976089,5.193165,1.000000;;,
			2;16;
			0.761404,-0.008468,-0.648222,0.000000,
			0.005217,0.999962,-0.006935,0.000000,
			0.648257,0.001899,0.761419,0.000000,
			0.329872,95.226616,9.387551,1.000000;;,
			3;16;
			0.773556,-0.009790,-0.633652,0.000000,
			-0.020818,0.998948,-0.040848,0.000000,
			0.633385,0.044790,0.772539,0.000000,
			0.311173,94.503464,13.034001,1.000000;;,
			4;16;
			0.788019,-0.007102,-0.615609,0.000000,
			-0.048310,0.996137,-0.073332,0.000000,
			0.613752,0.087527,0.784632,0.000000,
			0.160049,93.981827,16.044071,1.000000;;,
			5;16;
			0.811013,-0.009953,-0.584943,0.000000,
			-0.065776,0.991964,-0.108076,0.000000,
			0.581318,0.126126,0.803842,0.000000,
			-0.130312,93.679749,18.367229,1.000000;;,
			6;16;
			0.838754,-0.024533,-0.543958,0.000000,
			-0.072798,0.984964,-0.156674,0.000000,
			0.539623,0.171010,0.824356,0.000000,
			-0.255350,93.614410,20.404697,1.000000;;,
			7;16;
			0.860065,-0.046221,-0.508087,0.000000,
			-0.076062,0.973141,-0.217281,0.000000,
			0.504483,0.225521,0.833449,0.000000,
			0.081331,93.913651,22.727556,1.000000;;,
			8;16;
			0.873291,-0.069723,-0.482184,0.000000,
			-0.078524,0.956624,-0.280543,0.000000,
			0.480829,0.282858,0.829936,0.000000,
			0.565304,94.041740,25.653088,1.000000;;,
			9;16;
			0.896415,-0.107161,-0.430067,0.000000,
			-0.069532,0.924315,-0.375243,0.000000,
			0.437729,0.366276,0.821118,0.000000,
			1.017295,93.409973,28.968124,1.000000;;,
			10;16;
			0.922851,-0.145585,-0.356583,0.000000,
			-0.051231,0.871186,-0.488273,0.000000,
			0.381735,0.468872,0.796516,0.000000,
			1.289048,91.583847,32.962807,1.000000;;,
			11;16;
			0.932547,-0.182708,-0.311405,0.000000,
			-0.035439,0.812018,-0.582555,0.000000,
			0.359304,0.554296,0.750770,0.000000,
			1.069128,89.653160,36.118736,1.000000;;,
			12;16;
			0.927540,-0.237068,-0.288908,0.000000,
			-0.021432,0.738039,-0.674417,0.000000,
			0.373108,0.631741,0.679480,0.000000,
			0.842279,87.907593,38.789680,1.000000;;,
			13;16;
			0.921416,-0.280570,-0.268837,0.000000,
			-0.008980,0.676289,-0.736582,0.000000,
			0.388474,0.681112,0.620624,0.000000,
			0.220432,85.347229,41.077793,1.000000;;,
			14;16;
			0.920375,-0.305421,-0.244189,0.000000,
			0.012899,0.647837,-0.761670,0.000000,
			0.390825,0.697872,0.600192,0.000000,
			-0.809119,82.135902,42.163750,1.000000;;,
			15;16;
			0.925292,-0.317528,-0.207393,0.000000,
			0.037387,0.620545,-0.783279,0.000000,
			0.377409,0.717007,0.586057,0.000000,
			-1.722450,79.081398,42.316914,1.000000;;,
			16;16;
			0.937857,-0.304251,-0.166899,0.000000,
			0.040397,0.573397,-0.818281,0.000000,
			0.344662,0.760689,0.550055,0.000000,
			-2.438157,76.807388,41.314865,1.000000;;,
			17;16;
			0.943551,-0.300011,-0.140373,0.000000,
			0.031821,0.503942,-0.863151,0.000000,
			0.329695,0.809960,0.485042,0.000000,
			-2.850420,76.918411,39.295124,1.000000;;,
			18;16;
			0.942760,-0.310343,-0.122030,0.000000,
			0.027472,0.436972,-0.899056,0.000000,
			0.332339,0.844241,0.420485,0.000000,
			-3.341945,79.033554,35.140465,1.000000;;,
			19;16;
			0.945416,-0.307304,-0.108412,0.000000,
			0.017931,0.381240,-0.924302,0.000000,
			0.325373,0.871906,0.365941,0.000000,
			-4.191463,81.914688,28.083496,1.000000;;,
			20;16;
			0.951577,-0.290153,-0.101547,0.000000,
			-0.005250,0.314944,-0.949096,0.000000,
			0.307364,0.903671,0.298171,0.000000,
			-5.174979,84.854965,17.878244,1.000000;;,
			21;16;
			0.954803,-0.290436,-0.063234,0.000000,
			0.006986,0.234606,-0.972065,0.000000,
			0.297158,0.927689,0.226032,0.000000,
			-6.162415,86.489166,9.586291,1.000000;;,
			22;16;
			0.963764,-0.265516,-0.025691,0.000000,
			0.007547,0.123411,-0.992327,0.000000,
			0.266649,0.956175,0.120943,0.000000,
			-7.046175,88.692200,1.658533,1.000000;;,
			23;16;
			0.973768,-0.227018,-0.015435,0.000000,
			-0.018600,-0.011808,-0.999757,0.000000,
			0.226781,0.973819,-0.015721,0.000000,
			-7.920153,91.140724,-6.574574,1.000000;;,
			24;16;
			0.979838,-0.199006,-0.017736,0.000000,
			-0.048760,-0.152101,-0.987161,0.000000,
			0.193754,0.968123,-0.158738,0.000000,
			-8.867972,92.302216,-15.242149,1.000000;;,
			25;16;
			0.982449,-0.185843,-0.016010,0.000000,
			-0.068243,-0.278225,-0.958089,0.000000,
			0.173599,0.942366,-0.286025,0.000000,
			-9.740702,91.614243,-24.316402,1.000000;;,
			26;16;
			0.979594,-0.200816,0.008245,0.000000,
			-0.074499,-0.400900,-0.913088,0.000000,
			0.186668,0.893841,-0.407680,0.000000,
			-10.135798,89.278679,-33.952332,1.000000;;,
			27;16;
			0.965699,-0.253935,0.054238,0.000000,
			-0.093668,-0.535488,-0.839332,0.000000,
			0.242179,0.805462,-0.540906,0.000000,
			-9.611688,85.748901,-43.595131,1.000000;;,
			28;16;
			0.937360,-0.335088,0.095250,0.000000,
			-0.155253,-0.646596,-0.746867,0.000000,
			0.311855,0.685295,-0.658116,0.000000,
			-8.513661,81.374802,-52.828598,1.000000;;,
			29;16;
			0.889552,-0.425956,0.165102,0.000000,
			-0.221421,-0.718127,-0.659746,0.000000,
			0.399587,0.550322,-0.733127,0.000000,
			-6.826686,76.112076,-61.791862,1.000000;;,
			30;16;
			0.824584,-0.502331,0.260239,0.000000,
			-0.287820,-0.768508,-0.571450,0.000000,
			0.487052,0.396307,-0.778281,0.000000,
			-4.658967,69.742538,-70.558357,1.000000;;,
			31;16;
			0.749492,-0.543375,0.378162,0.000000,
			-0.355528,-0.812238,-0.462460,0.000000,
			0.558446,0.212163,-0.801951,0.000000,
			-2.637614,62.182014,-79.329346,1.000000;;,
			32;16;
			0.668441,-0.539519,0.511963,0.000000,
			-0.419309,-0.841882,-0.339728,0.000000,
			0.614302,0.012418,-0.788973,0.000000,
			-1.087266,53.113171,-87.902481,1.000000;;,
			33;16;
			0.583437,-0.489488,0.648076,0.000000,
			-0.474099,-0.853165,-0.217578,0.000000,
			0.659417,-0.180309,-0.729834,0.000000,
			0.012155,42.478203,-95.795425,1.000000;;,
			34;16;
			0.495770,-0.348308,0.795546,0.000000,
			-0.565383,-0.824782,-0.008771,0.000000,
			0.659207,-0.445440,-0.605829,0.000000,
			0.810972,31.986223,-102.771271,1.000000;;,
			35;16;
			0.442840,-0.113410,0.889399,0.000000,
			-0.673283,-0.697142,0.246339,0.000000,
			0.592100,-0.707906,-0.385080,0.000000,
			2.158338,23.570425,-108.193108,1.000000;;,
			36;16;
			0.435827,0.125844,0.891189,0.000000,
			-0.757372,-0.483678,0.438684,0.000000,
			0.486254,-0.866152,-0.115489,0.000000,
			2.435548,17.943792,-111.130615,1.000000;;,
			37;16;
			0.464043,0.353559,0.812194,0.000000,
			-0.750919,-0.329351,0.572405,0.000000,
			0.469876,-0.875514,0.112661,0.000000,
			1.196887,15.656189,-112.719894,1.000000;;,
			38;16;
			0.505383,0.570553,0.647346,0.000000,
			-0.659961,-0.227736,0.715952,0.000000,
			0.555912,-0.789054,0.261449,0.000000,
			-1.610869,16.895651,-113.383781,1.000000;;,
			39;16;
			0.514036,0.748932,0.418172,0.000000,
			-0.528460,-0.107494,0.842125,0.000000,
			0.675646,-0.653870,0.340524,0.000000,
			-4.754403,20.610844,-114.574211,1.000000;;,
			40;16;
			0.537750,0.820888,0.192268,0.000000,
			-0.455138,0.090683,0.885791,0.000000,
			0.709700,-0.563843,0.422383,0.000000,
			-5.418603,21.159645,-115.346283,1.000000;;,
			41;16;
			0.584310,0.811180,-0.023870,0.000000,
			-0.434803,0.337762,0.834783,0.000000,
			0.685222,-0.477393,0.550061,0.000000,
			-4.555747,20.070534,-114.513336,1.000000;;,
			42;16;
			0.571535,0.788971,-0.225551,0.000000,
			-0.440382,0.526844,0.726979,0.000000,
			0.692395,-0.316165,0.648559,0.000000,
			-1.167673,20.776423,-112.977470,1.000000;;,
			43;16;
			0.519869,0.754635,-0.400327,0.000000,
			-0.475970,0.645033,0.597817,0.000000,
			0.709358,-0.120243,0.694516,0.000000,
			2.578448,23.718235,-112.356468,1.000000;;,
			44;16;
			0.509111,0.670870,-0.539203,0.000000,
			-0.481454,0.741264,0.467686,0.000000,
			0.713448,0.021497,0.700378,0.000000,
			5.198485,27.074926,-113.060547,1.000000;;,
			45;16;
			0.534656,0.547207,-0.643978,0.000000,
			-0.418865,0.833446,0.360445,0.000000,
			0.733959,0.077026,0.674812,0.000000,
			6.590075,31.168232,-114.666878,1.000000;;,
			46;16;
			0.542862,0.446387,-0.711365,0.000000,
			-0.362709,0.888590,0.280803,0.000000,
			0.757458,0.105581,0.644290,0.000000,
			8.358549,36.220661,-116.196495,1.000000;;,
			47;16;
			0.526544,0.379204,-0.760891,0.000000,
			-0.341930,0.913890,0.218835,0.000000,
			0.778354,0.144945,0.610864,0.000000,
			10.297256,41.740028,-116.784683,1.000000;;,
			48;16;
			0.542245,0.314708,-0.779057,0.000000,
			-0.306997,0.937306,0.164956,0.000000,
			0.782128,0.149722,0.604863,0.000000,
			10.861492,47.666012,-116.842720,1.000000;;,
			49;16;
			0.582129,0.256772,-0.771488,0.000000,
			-0.269394,0.956144,0.114959,0.000000,
			0.767171,0.140914,0.625772,0.000000,
			10.277092,53.187675,-116.453003,1.000000;;,
			50;16;
			0.609660,0.207647,-0.764982,0.000000,
			-0.248074,0.966581,0.064664,0.000000,
			0.752844,0.150349,0.640797,0.000000,
			9.340122,58.069427,-114.819122,1.000000;;,
			51;16;
			0.615763,0.163623,-0.770755,0.000000,
			-0.228642,0.973216,0.023939,0.000000,
			0.754029,0.161486,0.636681,0.000000,
			8.361655,63.126930,-112.251595,1.000000;;,
			52;16;
			0.606061,0.127758,-0.785091,0.000000,
			-0.203246,0.979125,0.002435,0.000000,
			0.769013,0.158091,0.619375,0.000000,
			7.636600,68.323921,-109.161484,1.000000;;,
			53;16;
			0.597707,0.093998,-0.796185,0.000000,
			-0.171683,0.985072,-0.012587,0.000000,
			0.783116,0.144215,0.604922,0.000000,
			7.099596,73.419189,-105.754097,1.000000;;,
			54;16;
			0.594373,0.064415,-0.801606,0.000000,
			-0.141408,0.989627,-0.025327,0.000000,
			0.791659,0.128407,0.597317,0.000000,
			6.737303,78.118462,-102.023750,1.000000;;,
			55;16;
			0.582909,0.042773,-0.811411,0.000000,
			-0.122744,0.991789,-0.035896,0.000000,
			0.803213,0.120520,0.583373,0.000000,
			6.592468,82.275429,-97.751900,1.000000;;,
			56;16;
			0.567830,0.024022,-0.822795,0.000000,
			-0.107324,0.993202,-0.045069,0.000000,
			0.816119,0.113897,0.566548,0.000000,
			6.452299,86.074150,-92.902855,1.000000;;,
			57;16;
			0.558809,0.005304,-0.829279,0.000000,
			-0.087722,0.994747,-0.052749,0.000000,
			0.824644,0.102222,0.556339,0.000000,
			6.173153,89.635681,-87.661522,1.000000;;,
			58;16;
			0.555362,-0.007348,-0.831576,0.000000,
			-0.071751,0.995809,-0.056718,0.000000,
			0.828508,0.091165,0.552507,0.000000,
			5.750305,92.775894,-82.110970,1.000000;;,
			59;16;
			0.557194,-0.011968,-0.830296,0.000000,
			-0.057373,0.996952,-0.052872,0.000000,
			0.828398,0.077096,0.554809,0.000000,
			5.113254,95.206055,-76.160492,1.000000;;,
			60;16;
			0.569951,-0.011750,-0.821595,0.000000,
			-0.038298,0.998431,-0.040847,0.000000,
			0.820786,0.054746,0.568607,0.000000,
			4.157107,96.716110,-69.682983,1.000000;;,
			61;16;
			0.597979,-0.014737,-0.801376,0.000000,
			-0.016085,0.999409,-0.030381,0.000000,
			0.801350,0.031058,0.597389,0.000000,
			3.014661,97.588448,-63.028000,1.000000;;,
			62;16;
			0.631137,-0.016402,-0.775498,0.000000,
			-0.001011,0.999758,-0.021968,0.000000,
			0.775671,0.014649,0.630967,0.000000,
			1.968822,98.106117,-56.501717,1.000000;;,
			63;16;
			0.655305,-0.012315,-0.755264,0.000000,
			0.006626,0.999922,-0.010556,0.000000,
			0.755336,0.001913,0.655335,0.000000,
			1.100214,98.181793,-50.031261,1.000000;;,
			64;16;
			0.670444,-0.008035,-0.741916,0.000000,
			0.013975,0.999901,0.001800,0.000000,
			0.741828,-0.011575,0.670490,0.000000,
			0.508668,97.979431,-43.660759,1.000000;;,
			65;16;
			0.681211,-0.005421,-0.732067,0.000000,
			0.020168,0.999732,0.011364,0.000000,
			0.731809,-0.022505,0.681138,0.000000,
			0.224641,97.728310,-37.349224,1.000000;;,
			66;16;
			0.691188,-0.004904,-0.722659,0.000000,
			0.024758,0.999551,0.016897,0.000000,
			0.722251,-0.029570,0.690999,0.000000,
			0.155632,97.438385,-31.014240,1.000000;;,
			67;16;
			0.703070,-0.005999,-0.711095,0.000000,
			0.031158,0.999264,0.022376,0.000000,
			0.710438,-0.037888,0.702739,0.000000,
			0.205224,97.085220,-24.679403,1.000000;;,
			68;16;
			0.712357,-0.005054,-0.701799,0.000000,
			0.038565,0.998745,0.031953,0.000000,
			0.700757,-0.049827,0.711658,0.000000,
			0.279569,96.819618,-18.379011,1.000000;;,
			69;16;
			0.716064,-0.001647,-0.698033,0.000000,
			0.043831,0.998130,0.042608,0.000000,
			0.696658,-0.061105,0.714797,0.000000,
			0.333561,96.714142,-12.097120,1.000000;;,
			70;16;
			0.720201,0.001450,-0.693764,0.000000,
			0.047303,0.997568,0.051191,0.000000,
			0.692151,-0.069685,0.718380,0.000000,
			0.381269,96.649673,-5.789748,1.000000;;,
			71;16;
			0.729705,0.003008,-0.683756,0.000000,
			0.050831,0.996985,0.058633,0.000000,
			0.681870,-0.077541,0.727352,0.000000,
			0.453241,96.553940,0.572436,1.000000;;;
		}
	}
	Animation {
		{mixamorig_Spine}
		AnimationKey {
			4;
			72;
			0;16;
			0.996540,-0.013932,0.081943,0.000000,
			0.016232,0.999491,-0.027463,0.000000,
			-0.081519,0.028698,0.996258,0.000000,
			0.000000,10.997345,0.803058,1.000000;;,
			1;16;
			0.997303,-0.013794,0.072082,0.000000,
			0.015169,0.999713,-0.018554,0.000000,
			-0.071805,0.019597,0.997226,0.000000,
			0.000000,10.997345,0.803058,1.000000;;,
			2;16;
			0.997907,-0.013159,0.063305,0.000000,
			0.013825,0.999853,-0.010094,0.000000,
			-0.063163,0.010948,0.997943,0.000000,
			0.000000,10.997345,0.803058,1.000000;;,
			3;16;
			0.998341,-0.013962,0.055859,0.000000,
			0.014063,0.999900,-0.001421,0.000000,
			-0.055833,0.002204,0.998438,0.000000,
			0.000000,10.997345,0.803058,1.000000;;,
			4;16;
			0.998697,-0.017236,0.048036,0.000000,
			0.016869,0.999825,0.008026,0.000000,
			-0.048166,-0.007205,0.998813,0.000000,
			0.000000,10.997345,0.803058,1.000000;;,
			5;16;
			0.999067,-0.017296,0.039581,0.000000,
			0.016679,0.999735,0.015856,0.000000,
			-0.039844,-0.015181,0.999091,0.000000,
			0.000000,10.997345,0.803058,1.000000;;,
			6;16;
			0.999413,-0.011670,0.032210,0.000000,
			0.011006,0.999725,0.020731,0.000000,
			-0.032443,-0.020365,0.999266,0.000000,
			0.000000,10.997345,0.803058,1.000000;;,
			7;16;
			0.999647,-0.004507,0.026199,0.000000,
			0.004037,0.999831,0.017947,0.000000,
			-0.026276,-0.017834,0.999496,0.000000,
			0.000000,10.997345,0.803058,1.000000;;,
			8;16;
			0.999779,-0.002484,0.020869,0.000000,
			0.002328,0.999969,0.007493,0.000000,
			-0.020887,-0.007442,0.999754,0.000000,
			0.000000,10.997345,0.803058,1.000000;;,
			9;16;
			0.999907,0.001803,0.013493,0.000000,
			-0.001848,0.999993,0.003362,0.000000,
			-0.013487,-0.003386,0.999903,0.000000,
			0.000000,10.997345,0.803058,1.000000;;,
			10;16;
			0.999945,0.009248,0.005001,0.000000,
			-0.009260,0.999954,0.002394,0.000000,
			-0.004978,-0.002440,0.999985,0.000000,
			0.000000,10.997345,0.803058,1.000000;;,
			11;16;
			0.999864,0.015318,0.006116,0.000000,
			-0.015300,0.999878,-0.002980,0.000000,
			-0.006161,0.002886,0.999977,0.000000,
			0.000000,10.997345,0.803058,1.000000;;,
			12;16;
			0.999653,0.019778,0.017400,0.000000,
			-0.019754,0.999804,-0.001539,0.000000,
			-0.017427,0.001194,0.999847,0.000000,
			0.000000,10.997345,0.803058,1.000000;;,
			13;16;
			0.999430,0.021242,0.026253,0.000000,
			-0.021242,0.999774,-0.000282,0.000000,
			-0.026253,-0.000276,0.999655,0.000000,
			0.000000,10.997345,0.803058,1.000000;;,
			14;16;
			0.999286,0.023597,0.029500,0.000000,
			-0.023505,0.999718,-0.003442,0.000000,
			-0.029573,0.002746,0.999559,0.000000,
			0.000000,10.997345,0.803058,1.000000;;,
			15;16;
			0.999090,0.029970,0.030349,0.000000,
			-0.029937,0.999551,-0.001537,0.000000,
			-0.030382,0.000627,0.999538,0.000000,
			0.000000,10.997345,0.803058,1.000000;;,
			16;16;
			0.999040,0.033592,0.028116,0.000000,
			-0.033838,0.999393,0.008320,0.000000,
			-0.027819,-0.009264,0.999570,0.000000,
			0.000000,10.997345,0.803058,1.000000;;,
			17;16;
			0.999022,0.034173,0.028061,0.000000,
			-0.034620,0.999279,0.015602,0.000000,
			-0.027508,-0.016558,0.999484,0.000000,
			0.000000,10.997345,0.803058,1.000000;;,
			18;16;
			0.998998,0.034314,0.028745,0.000000,
			-0.034648,0.999337,0.011194,0.000000,
			-0.028342,-0.012179,0.999524,0.000000,
			0.000000,10.997345,0.803058,1.000000;;,
			19;16;
			0.999069,0.035492,0.024506,0.000000,
			-0.035586,0.999361,0.003422,0.000000,
			-0.024369,-0.004291,0.999694,0.000000,
			0.000000,10.997345,0.803058,1.000000;;,
			20;16;
			0.999240,0.035312,0.016516,0.000000,
			-0.035284,0.999375,-0.001955,0.000000,
			-0.016574,0.001371,0.999862,0.000000,
			0.000000,10.997345,0.803058,1.000000;;,
			21;16;
			0.998841,0.044494,0.018339,0.000000,
			-0.044347,0.998982,-0.008307,0.000000,
			-0.018690,0.007484,0.999797,0.000000,
			0.000000,10.997345,0.803058,1.000000;;,
			22;16;
			0.998305,0.053926,0.021911,0.000000,
			-0.053818,0.998536,-0.005462,0.000000,
			-0.022174,0.004274,0.999745,0.000000,
			0.000000,10.997345,0.803058,1.000000;;,
			23;16;
			0.998189,0.056040,0.021873,0.000000,
			-0.056105,0.998422,0.002389,0.000000,
			-0.021705,-0.003612,0.999758,0.000000,
			0.000000,10.997345,0.803058,1.000000;;,
			24;16;
			0.998408,0.052840,0.019717,0.000000,
			-0.053053,0.998537,0.010451,0.000000,
			-0.019136,-0.011481,0.999751,0.000000,
			0.000000,10.997345,0.803058,1.000000;;,
			25;16;
			0.998405,0.053802,0.017096,0.000000,
			-0.054062,0.998423,0.015142,0.000000,
			-0.016254,-0.016042,0.999739,0.000000,
			0.000000,10.997345,0.803058,1.000000;;,
			26;16;
			0.997918,0.063559,0.010984,0.000000,
			-0.063744,0.997815,0.017397,0.000000,
			-0.009854,-0.018061,0.999788,0.000000,
			0.000000,10.997345,0.803058,1.000000;;,
			27;16;
			0.997060,0.076407,0.005769,0.000000,
			-0.076506,0.996874,0.019727,0.000000,
			-0.004244,-0.020110,0.999789,0.000000,
			0.000000,10.997345,0.803058,1.000000;;,
			28;16;
			0.997044,0.076513,0.006931,0.000000,
			-0.076629,0.996890,0.018384,0.000000,
			-0.005502,-0.018861,0.999807,0.000000,
			0.000000,10.997345,0.803058,1.000000;;,
			29;16;
			0.996995,0.076710,0.010790,0.000000,
			-0.076791,0.997021,0.007264,0.000000,
			-0.010201,-0.008071,0.999915,0.000000,
			0.000000,10.997345,0.803058,1.000000;;,
			30;16;
			0.996792,0.079291,0.010882,0.000000,
			-0.079176,0.996804,-0.010582,0.000000,
			-0.011687,0.009687,0.999885,0.000000,
			0.000000,10.997345,0.803058,1.000000;;,
			31;16;
			0.996874,0.078797,0.005848,0.000000,
			-0.078578,0.996420,-0.031188,0.000000,
			-0.008284,0.030631,0.999496,0.000000,
			0.000000,10.997345,0.803058,1.000000;;,
			32;16;
			0.997407,0.071952,0.001119,0.000000,
			-0.071783,0.995908,-0.054904,0.000000,
			-0.005064,0.054682,0.998491,0.000000,
			0.000000,10.997345,0.803058,1.000000;;,
			33;16;
			0.998751,0.049889,-0.002895,0.000000,
			-0.049960,0.995514,-0.080344,0.000000,
			-0.001126,0.080389,0.996763,0.000000,
			0.000000,10.997345,0.803058,1.000000;;,
			34;16;
			0.999817,0.016816,-0.009154,0.000000,
			-0.017560,0.995932,-0.088378,0.000000,
			0.007631,0.088523,0.996045,0.000000,
			0.000000,10.997345,0.803058,1.000000;;,
			35;16;
			0.999959,-0.005843,-0.006867,0.000000,
			0.005334,0.997395,-0.071937,0.000000,
			0.007270,0.071898,0.997386,0.000000,
			0.000000,10.997345,0.803058,1.000000;;,
			36;16;
			0.999797,-0.019854,0.003357,0.000000,
			0.019951,0.999291,-0.031934,0.000000,
			-0.002721,0.031994,0.999484,0.000000,
			0.000000,10.997345,0.803058,1.000000;;,
			37;16;
			0.999801,-0.017261,0.009987,0.000000,
			0.017368,0.999791,-0.010743,0.000000,
			-0.009799,0.010915,0.999892,0.000000,
			0.000000,10.997345,0.803058,1.000000;;,
			38;16;
			0.999947,-0.005259,0.008844,0.000000,
			0.005526,0.999523,-0.030384,0.000000,
			-0.008680,0.030431,0.999499,0.000000,
			0.000000,10.997345,0.803058,1.000000;;,
			39;16;
			0.999828,-0.013250,0.012971,0.000000,
			0.014085,0.997682,-0.066577,0.000000,
			-0.012059,0.066748,0.997697,0.000000,
			0.000000,10.997345,0.803058,1.000000;;,
			40;16;
			0.999715,-0.017965,0.015702,0.000000,
			0.019196,0.996442,-0.082062,0.000000,
			-0.014172,0.082340,0.996503,0.000000,
			0.000000,10.997345,0.803058,1.000000;;,
			41;16;
			0.999790,-0.015934,0.012871,0.000000,
			0.016907,0.996693,-0.079486,0.000000,
			-0.011562,0.079687,0.996753,0.000000,
			0.000000,10.997345,0.803058,1.000000;;,
			42;16;
			0.999639,-0.023786,0.012490,0.000000,
			0.024671,0.996784,-0.076248,0.000000,
			-0.010636,0.076529,0.997011,0.000000,
			0.000000,10.997345,0.803058,1.000000;;,
			43;16;
			0.998975,-0.042622,0.015248,0.000000,
			0.043558,0.996769,-0.067490,0.000000,
			-0.012323,0.068085,0.997603,0.000000,
			0.000000,10.997345,0.803058,1.000000;;,
			44;16;
			0.998140,-0.059107,0.014910,0.000000,
			0.059829,0.996754,-0.053867,0.000000,
			-0.011678,0.054659,0.998437,0.000000,
			0.000000,10.997345,0.803058,1.000000;;,
			45;16;
			0.997943,-0.061991,0.016333,0.000000,
			0.062748,0.996735,-0.050813,0.000000,
			-0.013130,0.051733,0.998575,0.000000,
			0.000000,10.997345,0.803058,1.000000;;,
			46;16;
			0.998092,-0.056963,0.023812,0.000000,
			0.058125,0.996988,-0.051345,0.000000,
			-0.020815,0.052631,0.998397,0.000000,
			0.000000,10.997345,0.803058,1.000000;;,
			47;16;
			0.998116,-0.051502,0.033338,0.000000,
			0.052977,0.997583,-0.044971,0.000000,
			-0.030941,0.046653,0.998432,0.000000,
			0.000000,10.997345,0.803058,1.000000;;,
			48;16;
			0.998306,-0.045563,0.036173,0.000000,
			0.046919,0.998192,-0.037568,0.000000,
			-0.034395,0.039202,0.998639,0.000000,
