xof 0303txt 0032
Frame Ch44 {
	FrameTransformMatrix {
		1.000000,0.000000,0.000000,0.000000,
		0.000000,1.000000,0.000000,0.000000,
		0.000000,0.000000,1.000000,0.000000,
		0.000000,0.000000,0.000000,1.000000;;
	}
}
Frame mixamorig_Hips {
	FrameTransformMatrix {
		1.000000,0.000000,0.000000,0.000000,
		0.000000,1.000000,0.000000,0.000000,
		0.000000,0.000000,1.000000,0.000000,
		0.000000,103.266609,-1.469107,1.000000;;
	}
	Frame mixamorig_Spine {
		FrameTransformMatrix {
			1.000000,0.000000,0.000000,0.000000,
			0.000000,0.997344,0.072829,0.000000,
			0.000000,-0.072829,0.997344,0.000000,
			0.000000,10.997345,0.803058,1.000000;;
		}
		Frame mixamorig_Spine1 {
			FrameTransformMatrix {
				1.000000,0.000000,0.000000,0.000000,
				0.000000,1.000000,0.000000,0.000000,
				0.000000,-0.000000,1.000000,0.000000,
				0.000000,12.864401,0.000000,1.000000;;
			}
			Frame mixamorig_Spine2 {
				FrameTransformMatrix {
					1.000000,0.000000,0.000000,0.000000,
					0.000000,1.000000,0.000000,0.000000,
					0.000000,0.000000,1.000000,0.000000,
					0.000000,14.702159,-0.000000,1.000000;;
				}
				Frame mixamorig_Neck {
					FrameTransformMatrix {
						1.000000,0.000000,0.000000,0.000000,
						0.000000,0.997344,-0.072829,0.000000,
						0.000000,0.072829,0.997344,0.000000,
						0.000000,16.539940,-0.000002,1.000000;;
					}
					Frame mixamorig_Head {
						FrameTransformMatrix {
							1.000000,0.000000,0.000000,0.000000,
							0.000000,1.000000,0.000000,0.000000,
							0.000000,0.000000,1.000000,0.000000,
							0.000000,6.188477,-2.321620,1.000000;;
						}
						Frame mixamorig_HeadTop_End {
							FrameTransformMatrix {
								1.000000,0.000000,0.000000,0.000000,
								0.000000,1.000000,0.000000,0.000000,
								0.000000,0.000000,1.000000,0.000000,
								0.000000,23.717819,-8.897791,1.000000;;
							}
						}
					}
				}
				Frame mixamorig_LeftShoulder {
					FrameTransformMatrix {
						-0.015629,0.000026,0.999878,0.000000,
						0.965663,-0.259358,0.015101,0.000000,
						0.259327,0.965781,0.004028,0.000000,
						7.985327,14.403621,0.124439,1.000000;;
					}
					Frame mixamorig_LeftArm {
						FrameTransformMatrix {
							0.997591,-0.069377,0.000000,0.000000,
							0.068756,0.988660,0.133504,0.000000,
							-0.009262,-0.133183,0.991048,0.000000,
							0.000000,16.443417,-0.000000,1.000000;;
						}
						Frame mixamorig_LeftForeArm {
							FrameTransformMatrix {
								0.973581,0.228340,0.000000,0.000000,
								-0.227190,0.968679,0.100224,0.000000,
								0.022885,-0.097576,0.994965,0.000000,
								0.000000,20.702911,-0.000000,1.000000;;
							}
							Frame mixamorig_LeftHand {
								FrameTransformMatrix {
									0.972875,0.064872,-0.222050,0.000000,
									-0.112243,0.971690,-0.207893,0.000000,
									0.202277,0.227177,0.952615,0.000000,
									-0.000000,28.480791,-0.000000,1.000000;;
								}
								Frame mixamorig_LeftHandThumb1 {
									FrameTransformMatrix {
										0.781580,0.623805,-0.000000,0.000000,
										-0.593986,0.744218,-0.305484,0.000000,
										-0.190562,0.238760,0.952197,0.000000,
										-2.770290,3.260447,-1.371969,1.000000;;
									}
									Frame mixamorig_LeftHandThumb2 {
										FrameTransformMatrix {
											1.000000,0.000000,0.000000,0.000000,
											0.000000,0.989067,-0.147469,0.000000,
											-0.000000,0.147469,0.989067,0.000000,
											-0.105061,3.592884,0.000000,1.000000;;
										}
										Frame mixamorig_LeftHandThumb3 {
											FrameTransformMatrix {
												1.000000,0.000000,-0.000000,0.000000,
												-0.000000,0.998617,-0.052569,0.000000,
												0.000000,0.052569,0.998617,0.000000,
												-0.033138,3.493665,0.000000,1.000000;;
											}
											Frame mixamorig_LeftHandThumb4 {
												FrameTransformMatrix {
													1.000000,0.000000,0.000000,0.000000,
													0.000000,1.000000,-0.000000,0.000000,
													-0.000000,0.000000,1.000000,0.000000,
													0.138198,2.622627,-0.000000,1.000000;;
												}
											}
										}
									}
								}
								Frame mixamorig_LeftHandIndex1 {
									FrameTransformMatrix {
										0.975732,0.218968,0.000000,0.000000,
										-0.218358,0.973014,-0.074591,0.000000,
										-0.016333,0.072780,0.997214,0.000000,
										-3.258903,10.756469,-0.003820,1.000000;;
									}
									Frame mixamorig_LeftHandIndex2 {
										FrameTransformMatrix {
											1.000000,0.000000,0.000000,0.000000,
											0.000000,0.949059,-0.315097,0.000000,
											0.000000,0.315097,0.949059,0.000000,
											0.109371,2.853128,-0.000000,1.000000;;
										}
										Frame mixamorig_LeftHandIndex3 {
											FrameTransformMatrix {
												1.000000,-0.000000,0.000000,0.000000,
												0.000000,0.999972,0.007531,0.000000,
												-0.000000,-0.007531,0.999972,0.000000,
												-0.061237,2.685963,-0.000000,1.000000;;
											}
											Frame mixamorig_LeftHandIndex4 {
												FrameTransformMatrix {
													1.000000,0.000000,-0.000000,0.000000,
													0.000000,1.000000,0.000000,0.000000,
													0.000000,-0.000000,1.000000,0.000000,
													-0.048135,2.249833,0.000000,1.000000;;
												}
											}
										}
									}
								}
								Frame mixamorig_LeftHandMiddle1 {
									FrameTransformMatrix {
										0.999615,-0.027734,0.000000,0.000000,
										0.027726,0.999345,-0.023271,0.000000,
										0.000645,0.023262,0.999729,0.000000,
										-1.104982,11.061543,0.178979,1.000000;;
									}
									Frame mixamorig_LeftHandMiddle2 {
										FrameTransformMatrix {
											1.000000,-0.000000,0.000000,0.000000,
											0.000000,0.908301,-0.418317,0.000000,
											-0.000000,0.418317,0.908301,0.000000,
											0.088648,3.112893,-0.000000,1.000000;;
										}
										Frame mixamorig_LeftHandMiddle3 {
											FrameTransformMatrix {
												1.000000,0.000000,0.000000,0.000000,
												0.000000,0.997395,-0.072133,0.000000,
												0.000000,0.072133,0.997395,0.000000,
												-0.039374,3.016294,0.000000,1.000000;;
											}
											Frame mixamorig_LeftHandMiddle4 {
												FrameTransformMatrix {
													1.000000,-0.000000,0.000000,0.000000,
													0.000000,1.000000,-0.000000,0.000000,
													-0.000000,0.000000,1.000000,0.000000,
													-0.049274,2.467938,-0.000000,1.000000;;
												}
											}
										}
									}
								}
								Frame mixamorig_LeftHandRing1 {
									FrameTransformMatrix {
										0.989613,-0.143755,-0.000000,0.000000,
										0.142955,0.984103,-0.105385,0.000000,
										0.015150,0.104291,0.994431,0.000000,
										1.260879,10.768150,0.117530,1.000000;;
									}
									Frame mixamorig_LeftHandRing2 {
										FrameTransformMatrix {
											1.000000,0.000000,0.000000,0.000000,
											0.000000,0.958275,-0.285846,0.000000,
											-0.000000,0.285846,0.958275,0.000000,
											0.039008,2.933240,-0.000000,1.000000;;
										}
										Frame mixamorig_LeftHandRing3 {
											FrameTransformMatrix {
												1.000000,0.000000,0.000000,0.000000,
												-0.000000,0.970306,-0.241881,0.000000,
												-0.000000,0.241881,0.970306,0.000000,
												-0.003802,2.869819,0.000000,1.000000;;
											}
											Frame mixamorig_LeftHandRing4 {
												FrameTransformMatrix {
													1.000000,-0.000000,0.000000,0.000000,
													0.000000,1.000000,0.000000,0.000000,
													-0.000000,-0.000000,1.000000,0.000000,
													-0.035205,2.582460,0.000000,1.000000;;
												}
											}
										}
									}
								}
								Frame mixamorig_LeftHandPinky1 {
									FrameTransformMatrix {
										0.923757,-0.382980,-0.000000,0.000000,
										0.371070,0.895028,-0.247451,0.000000,
										0.094769,0.228585,0.968900,0.000000,
										3.103006,9.804624,0.256461,1.000000;;
									}
									Frame mixamorig_LeftHandPinky2 {
										FrameTransformMatrix {
											1.000000,-0.000000,0.000000,0.000000,
											0.000000,0.953661,-0.300883,0.000000,
											0.000000,0.300883,0.953661,0.000000,
											-0.028648,2.793061,-0.000000,1.000000;;
										}
										Frame mixamorig_LeftHandPinky3 {
											FrameTransformMatrix {
												1.000000,-0.000000,0.000000,0.000000,
												0.000000,0.980726,-0.195386,0.000000,
												-0.000000,0.195386,0.980726,0.000000,
												0.003506,2.307577,-0.000000,1.000000;;
											}
											Frame mixamorig_LeftHandPinky4 {
												FrameTransformMatrix {
													1.000000,-0.000000,0.000000,0.000000,
													0.000000,1.000000,-0.000000,0.000000,
													-0.000000,0.000000,1.000000,0.000000,
													0.025142,2.027596,-0.000000,1.000000;;
												}
											}
										}
									}
								}
							}
						}
					}
				}
				Frame mixamorig_RightShoulder {
					FrameTransformMatrix {
						-0.023526,-0.000048,-0.999723,0.000000,
						-0.965663,-0.258801,0.022737,0.000000,
						-0.258730,0.965931,0.006042,0.000000,
						-7.985327,14.408205,0.187225,1.000000;;
					}
					Frame mixamorig_RightArm {
						FrameTransformMatrix {
							0.998693,0.051120,-0.000000,0.000000,
							-0.050671,0.989904,0.132371,0.000000,
							0.006767,-0.132198,0.991200,0.000000,
							0.000000,16.443417,-0.000000,1.000000;;
						}
						Frame mixamorig_RightForeArm {
							FrameTransformMatrix {
								0.975661,-0.219282,-0.000000,0.000000,
								0.218182,0.970764,0.100070,0.000000,
								-0.021944,-0.097635,0.994980,0.000000,
								-0.000000,20.688032,-0.000000,1.000000;;
							}
							Frame mixamorig_RightHand {
								FrameTransformMatrix {
									0.974043,-0.050031,0.220765,0.000000,
									0.097225,0.973196,-0.208415,0.000000,
									-0.204420,0.224469,0.952799,0.000000,
									-0.000000,28.483500,-0.000000,1.000000;;
								}
								Frame mixamorig_RightHandThumb1 {
									FrameTransformMatrix {
										0.765509,-0.643426,0.000000,0.000000,
										0.613035,0.729352,-0.303698,0.000000,
										0.195407,0.232484,0.952768,0.000000,
										2.698716,3.058632,-1.299813,1.000000;;
									}
									Frame mixamorig_RightHandThumb2 {
										FrameTransformMatrix {
											1.000000,-0.000000,-0.000000,0.000000,
											0.000000,0.987204,-0.159463,0.000000,
											0.000000,0.159463,0.987204,0.000000,
											0.078305,3.423988,0.000000,1.000000;;
										}
										Frame mixamorig_RightHandThumb3 {
											FrameTransformMatrix {
												1.000000,0.000000,-0.000000,0.000000,
												-0.000000,0.999012,-0.044446,0.000000,
												0.000000,0.044446,0.999012,0.000000,
												-0.053042,3.564641,-0.000000,1.000000;;
											}
											Frame mixamorig_RightHandThumb4 {
												FrameTransformMatrix {
													1.000000,-0.000000,0.000000,0.000000,
													0.000000,1.000000,-0.000000,0.000000,
													0.000000,0.000000,1.000000,0.000000,
													-0.025264,3.087018,-0.000000,1.000000;;
												}
											}
										}
									}
								}
								Frame mixamorig_RightHandIndex1 {
									FrameTransformMatrix {
										0.978087,-0.208195,0.000000,0.000000,
										0.206884,0.971927,-0.112062,0.000000,
										0.023331,0.109607,0.993701,0.000000,
										3.329366,10.756874,0.008224,1.000000;;
									}
									Frame mixamorig_RightHandIndex2 {
										FrameTransformMatrix {
											1.000000,-0.000000,0.000000,0.000000,
											0.000000,0.959553,-0.281529,0.000000,
											0.000000,0.281529,0.959553,0.000000,
											-0.077823,2.776619,0.000000,1.000000;;
										}
										Frame mixamorig_RightHandIndex3 {
											FrameTransformMatrix {
												1.000000,0.000000,0.000000,0.000000,
												-0.000000,0.997985,0.063452,0.000000,
												-0.000000,-0.063452,0.997985,0.000000,
												0.057177,2.737660,-0.000000,1.000000;;
											}
											Frame mixamorig_RightHandIndex4 {
												FrameTransformMatrix {
													1.000000,0.000000,0.000000,0.000000,
													-0.000000,1.000000,0.000000,0.000000,
													-0.000000,-0.000000,1.000000,0.000000,
													0.020645,2.185542,0.000000,1.000000;;
												}
											}
										}
									}
								}
								Frame mixamorig_RightHandMiddle1 {
									FrameTransformMatrix {
										0.999995,-0.003233,-0.000000,0.000000,
										0.003224,0.997271,-0.073758,0.000000,
										0.000238,0.073758,0.997276,0.000000,
										1.147194,11.013397,0.263927,1.000000;;
									}
									Frame mixamorig_RightHandMiddle2 {
										FrameTransformMatrix {
											1.000000,-0.000000,0.000000,0.000000,
											0.000000,0.929103,-0.369821,0.000000,
											-0.000000,0.369821,0.929103,0.000000,
											-0.085029,3.240009,0.000000,1.000000;;
										}
										Frame mixamorig_RightHandMiddle3 {
											FrameTransformMatrix {
												1.000000,0.000000,0.000000,0.000000,
												0.000000,0.989832,-0.142239,0.000000,
												0.000000,0.142239,0.989832,0.000000,
												0.027768,3.001971,0.000000,1.000000;;
											}
											Frame mixamorig_RightHandMiddle4 {
												FrameTransformMatrix {
													1.000000,-0.000000,0.000000,0.000000,
													0.000000,1.000000,-0.000000,0.000000,
													-0.000000,0.000000,1.000000,0.000000,
													0.057261,2.538451,-0.000000,1.000000;;
												}
											}
										}
									}
								}
								Frame mixamorig_RightHandRing1 {
									FrameTransformMatrix {
										0.994430,0.105395,-0.000000,0.000000,
										-0.104525,0.986228,-0.128177,0.000000,
										-0.013509,0.127463,0.991751,0.000000,
										-1.318436,11.095921,0.178815,1.000000;;
									}
									Frame mixamorig_RightHandRing2 {
										FrameTransformMatrix {
											1.000000,0.000000,0.000000,0.000000,
											0.000000,0.949020,-0.315216,0.000000,
											0.000000,0.315216,0.949020,0.000000,
											-0.037767,2.875236,-0.000000,1.000000;;
										}
										Frame mixamorig_RightHandRing3 {
											FrameTransformMatrix {
												1.000000,0.000000,-0.000000,0.000000,
												-0.000000,0.984593,-0.174859,0.000000,
												0.000000,0.174859,0.984593,0.000000,
												0.008583,2.694868,-0.000000,1.000000;;
											}
											Frame mixamorig_RightHandRing4 {
												FrameTransformMatrix {
													1.000000,-0.000000,0.000000,0.000000,
													0.000000,1.000000,0.000000,0.000000,
													-0.000000,-0.000000,1.000000,0.000000,
													0.029184,2.360416,-0.000000,1.000000;;
												}
											}
										}
									}
								}
								Frame mixamorig_RightHandPinky1 {
									FrameTransformMatrix {
										0.950507,0.310705,-0.000000,0.000000,
										-0.304759,0.932319,-0.194688,0.000000,
										-0.060490,0.185052,0.980865,0.000000,
										-3.158124,9.809884,0.152362,1.000000;;
									}
									Frame mixamorig_RightHandPinky2 {
										FrameTransformMatrix {
											1.000000,-0.000000,0.000000,0.000000,
											0.000000,0.919506,-0.393077,0.000000,
											0.000000,0.393077,0.919506,0.000000,
											0.016399,2.855931,-0.000000,1.000000;;
										}
										Frame mixamorig_RightHandPinky3 {
											FrameTransformMatrix {
												1.000000,-0.000000,0.000000,0.000000,
												0.000000,0.974769,-0.223216,0.000000,
												-0.000000,0.223216,0.974769,0.000000,
												-0.005530,2.304318,-0.000000,1.000000;;
											}
											Frame mixamorig_RightHandPinky4 {
												FrameTransformMatrix {
													1.000000,-0.000000,0.000000,0.000000,
													0.000000,1.000000,0.000000,0.000000,
													-0.000000,-0.000000,1.000000,0.000000,
													-0.010869,1.994622,-0.000000,1.000000;;
												}
											}
										}
									}
								}
							}
						}
					}
				}
			}
		}
	}
	Frame mixamorig_LeftUpLeg {
		FrameTransformMatrix {
			-0.994837,-0.101308,0.006047,0.000000,
			0.101488,-0.993069,0.059281,0.000000,
			0.000000,0.059588,0.998223,0.000000,
			9.640739,-6.119278,-0.586611,1.000000;;
		}
		Frame mixamorig_LeftLeg {
			FrameTransformMatrix {
				0.999911,0.013370,-0.000000,0.000000,
				-0.013348,0.998315,0.056467,0.000000,
				0.000755,-0.056462,0.998404,0.000000,
				0.000000,45.053291,-0.000000,1.000000;;
			}
			Frame mixamorig_LeftFoot {
				FrameTransformMatrix {
					0.976062,-0.000000,-0.217492,0.000000,
					-0.189754,0.488677,-0.851580,0.000000,
					0.106283,0.872465,0.476979,0.000000,
					0.000000,42.823772,-0.000000,1.000000;;
				}
				Frame mixamorig_LeftToeBase {
					FrameTransformMatrix {
						0.995585,0.000000,-0.093863,0.000000,
						-0.051165,0.838369,-0.542697,0.000000,
						0.078692,0.545103,0.834667,0.000000,
						0.000000,16.588381,0.000000,1.000000;;
					}
					Frame mixamorig_LeftToe_End {
						FrameTransformMatrix {
							1.000000,0.000000,-0.000000,0.000000,
							-0.000000,1.000000,-0.000000,0.000000,
							0.000000,0.000000,1.000000,0.000000,
							-0.000000,6.714916,0.000000,1.000000;;
						}
					}
				}
			}
		}
	}
	Frame mixamorig_RightUpLeg {
		FrameTransformMatrix {
			-0.994833,0.101387,-0.005333,0.000000,
			-0.101528,-0.993459,0.052260,0.000000,
			-0.000000,0.052531,0.998619,0.000000,
			-9.640739,-6.119278,-0.358860,1.000000;;
		}
		Frame mixamorig_RightLeg {
			FrameTransformMatrix {
				0.999911,-0.013365,0.000000,0.000000,
				0.013336,0.997752,0.065681,0.000000,
				-0.000878,-0.065675,0.997841,0.000000,
				-0.000000,45.035599,0.000000,1.000000;;
			}
			Frame mixamorig_RightFoot {
				FrameTransformMatrix {
					0.976864,0.000000,0.213861,0.000000,
					0.187468,0.481234,-0.856311,0.000000,
					-0.102917,0.876592,0.470100,0.000000,
					-0.000000,42.834618,-0.000000,1.000000;;
				}
				Frame mixamorig_RightToeBase {
					FrameTransformMatrix {
						0.994956,0.000000,0.100310,0.000000,
						0.054161,0.841704,-0.537215,0.000000,
						-0.084431,0.539939,0.837459,0.000000,
						-0.000000,16.735941,0.000000,1.000000;;
					}
					Frame mixamorig_RightToe_End {
						FrameTransformMatrix {
							1.000000,0.000000,0.000000,0.000000,
							-0.000000,1.000000,0.000000,0.000000,
							-0.000000,-0.000000,1.000000,0.000000,
							-0.000000,6.713154,-0.000000,1.000000;;
						}
					}
				}
			}
		}
	}
}
AnimationSet RunBackward {
	Animation {
		{mixamorig_Hips}
		AnimationKey {
			4;
			31;
			0;16;
			0.805476,0.079488,-0.587273,0.000000,
			-0.010539,0.992728,0.119913,0.000000,
			0.592535,-0.090398,0.800457,0.000000,
			0.130478,91.496033,-0.696752,1.000000;;,
			1;16;
			0.850075,0.079777,-0.520584,0.000000,
			-0.006530,0.989981,0.141047,0.000000,
			0.526621,-0.116501,0.842079,0.000000,
			1.314434,93.292480,-0.787287,1.000000;;,
			2;16;
			0.897156,0.079165,-0.434562,0.000000,
			-0.001971,0.984516,0.175283,0.000000,
			0.441710,-0.156400,0.883420,0.000000,
			2.690164,95.266251,-0.999518,1.000000;;,
			3;16;
			0.937965,0.066838,-0.340228,0.000000,
			0.006135,0.977892,0.209020,0.000000,
			0.346676,-0.198141,0.916818,0.000000,
			3.392986,96.032959,0.516508,1.000000;;,
			4;16;
			0.974689,0.047134,-0.218540,0.000000,
			0.001234,0.976373,0.216087,0.000000,
			0.223562,-0.210887,0.951602,0.000000,
			3.109395,94.596672,1.311646,1.000000;;,
			5;16;
			0.978584,0.064831,-0.195372,0.000000,
			-0.020902,0.975500,0.219005,0.000000,
			0.204784,-0.210231,0.955963,0.000000,
			2.408058,91.545082,1.970109,1.000000;;,
			6;16;
			0.957595,0.080059,-0.276770,0.000000,
			-0.021548,0.977829,0.208294,0.000000,
			0.287309,-0.193498,0.938089,0.000000,
			1.579219,89.277740,2.123065,1.000000;;,
			7;16;
			0.941945,0.061859,-0.330020,0.000000,
			0.009051,0.977848,0.209121,0.000000,
			0.335646,-0.199967,0.920519,0.000000,
			0.342964,89.143578,1.028672,1.000000;;,
			8;16;
			0.943001,0.035185,-0.330925,0.000000,
			0.045859,0.971169,0.233938,0.000000,
			0.329616,-0.235780,0.914200,0.000000,
			-0.799182,91.099869,-0.444369,1.000000;;,
			9;16;
			0.934318,0.039437,-0.354253,0.000000,
			0.042955,0.974159,0.221740,0.000000,
			0.353844,-0.222392,0.908480,0.000000,
			-1.863226,94.286743,-2.203469,1.000000;;,
			10;16;
			0.897010,0.064784,-0.437237,0.000000,
			0.012988,0.984910,0.172578,0.000000,
			0.441820,-0.160483,0.882633,0.000000,
			-2.191759,96.102028,-2.712212,1.000000;;,
			11;16;
			0.843726,0.090130,-0.529153,0.000000,
			-0.021286,0.990645,0.134795,0.000000,
			0.536352,-0.102467,0.837751,0.000000,
			-1.398581,95.955063,-2.754097,1.000000;;,
			12;16;
			0.810561,0.094849,-0.577923,0.000000,
			-0.002063,0.987255,0.159135,0.000000,
			0.585651,-0.127796,0.800426,0.000000,
			-0.528327,94.921188,-2.314038,1.000000;;,
			13;16;
			0.810100,0.046106,-0.584476,0.000000,
			0.055985,0.986264,0.155398,0.000000,
			0.583613,-0.158610,0.796391,0.000000,
			-0.242172,92.373894,-1.703539,1.000000;;,
			14;16;
			0.798844,0.041855,-0.600080,0.000000,
			0.036863,0.992295,0.118286,0.000000,
			0.600407,-0.116613,0.791146,0.000000,
			-0.103056,90.848961,-0.832475,1.000000;;,
			15;16;
			0.805476,0.079488,-0.587273,0.000000,
			-0.010539,0.992728,0.119913,0.000000,
			0.592535,-0.090398,0.800457,0.000000,
			0.130453,91.496040,-0.696739,1.000000;;,
			16;16;
			0.850075,0.079777,-0.520584,0.000000,
			-0.006530,0.989981,0.141047,0.000000,
			0.526621,-0.116501,0.842079,0.000000,
			1.314410,93.292480,-0.787266,1.000000;;,
			17;16;
			0.897156,0.079165,-0.434562,0.000000,
			-0.001971,0.984516,0.175283,0.000000,
			0.441710,-0.156400,0.883420,0.000000,
			2.690143,95.266220,-0.999538,1.000000;;,
			18;16;
			0.937965,0.066838,-0.340228,0.000000,
			0.006135,0.977892,0.209020,0.000000,
			0.346676,-0.198141,0.916818,0.000000,
			3.392964,96.032959,0.516526,1.000000;;,
			19;16;
			0.974689,0.047134,-0.218540,0.000000,
			0.001234,0.976373,0.216087,0.000000,
			0.223562,-0.210887,0.951602,0.000000,
			3.109371,94.596664,1.311630,1.000000;;,
			20;16;
			0.978584,0.064831,-0.195372,0.000000,
			-0.020902,0.975500,0.219005,0.000000,
			0.204784,-0.210231,0.955963,0.000000,
			2.408035,91.545082,1.970097,1.000000;;,
			21;16;
			0.957595,0.080059,-0.276770,0.000000,
			-0.021548,0.977829,0.208294,0.000000,
			0.287309,-0.193498,0.938089,0.000000,
			1.579192,89.277740,2.123065,1.000000;;,
			22;16;
			0.941945,0.061859,-0.330020,0.000000,
			0.009051,0.977848,0.209121,0.000000,
			0.335646,-0.199967,0.920519,0.000000,
			0.342941,89.143578,1.028677,1.000000;;,
			23;16;
			0.943001,0.035185,-0.330925,0.000000,
			0.045859,0.971169,0.233938,0.000000,
			0.329616,-0.235780,0.914200,0.000000,
			-0.799205,91.099861,-0.444383,1.000000;;,
			24;16;
			0.934318,0.039437,-0.354253,0.000000,
			0.042955,0.974159,0.221740,0.000000,
			0.353844,-0.222392,0.908480,0.000000,
			-1.863250,94.286736,-2.203472,1.000000;;,
			25;16;
			0.897010,0.064784,-0.437237,0.000000,
			0.012988,0.984910,0.172578,0.000000,
			0.441820,-0.160483,0.882633,0.000000,
			-2.191782,96.102028,-2.712223,1.000000;;,
			26;16;
			0.843726,0.090130,-0.529153,0.000000,
			-0.021286,0.990645,0.134795,0.000000,
			0.536352,-0.102467,0.837751,0.000000,
			-1.398604,95.955070,-2.754109,1.000000;;,
			27;16;
			0.810561,0.094849,-0.577923,0.000000,
			-0.002063,0.987255,0.159135,0.000000,
			0.585651,-0.127796,0.800426,0.000000,
			-0.528352,94.921188,-2.314021,1.000000;;,
			28;16;
			0.810100,0.046106,-0.584476,0.000000,
			0.055985,0.986264,0.155398,0.000000,
			0.583613,-0.158610,0.796391,0.000000,
			-0.242194,92.373924,-1.703523,1.000000;;,
			29;16;
			0.798844,0.041855,-0.600080,0.000000,
			0.036863,0.992295,0.118286,0.000000,
			0.600407,-0.116613,0.791146,0.000000,
			-0.103080,90.848961,-0.832488,1.000000;;,
			30;16;
			0.805476,0.079488,-0.587273,0.000000,
			-0.010539,0.992728,0.119913,0.000000,
			0.592535,-0.090398,0.800457,0.000000,
			0.130428,91.496040,-0.696752,1.000000;;;
		}
	}
	Animation {
		{mixamorig_Spine}
		AnimationKey {
			4;
			31;
			0;16;
			0.999806,-0.004476,0.019186,0.000000,
			0.004237,0.999913,0.012474,0.000000,
			-0.019240,-0.012391,0.999738,0.000000,
			0.000000,10.997345,0.803058,1.000000;;,
			1;16;
			0.998214,0.053257,0.027052,0.000000,
			-0.052765,0.998434,-0.018580,0.000000,
			-0.027999,0.017119,0.999461,0.000000,
			0.000000,10.997345,0.803058,1.000000;;,
			2;16;
			0.993224,0.113719,0.023969,0.000000,
			-0.112502,0.992533,-0.047124,0.000000,
			-0.029149,0.044108,0.998601,0.000000,
			0.000000,10.997345,0.803058,1.000000;;,
			3;16;
			0.988333,0.152179,0.006205,0.000000,
			-0.151578,0.986773,-0.057478,0.000000,
			-0.014870,0.055867,0.998327,0.000000,
			0.000000,10.997345,0.803058,1.000000;;,
			4;16;
			0.988303,0.150986,-0.021465,0.000000,
			-0.152061,0.986345,-0.063252,0.000000,
			0.011622,0.065776,0.997767,0.000000,
			0.000000,10.997345,0.803058,1.000000;;,
			5;16;
			0.994055,0.104770,-0.029642,0.000000,
			-0.106595,0.991925,-0.068721,0.000000,
			0.022203,0.071472,0.997195,0.000000,
			0.000000,10.997345,0.803058,1.000000;;,
			6;16;
			0.998244,0.055333,-0.021144,0.000000,
			-0.056727,0.995769,-0.072298,0.000000,
			0.017054,0.073371,0.997159,0.000000,
			0.000000,10.997345,0.803058,1.000000;;,
			7;16;
			0.999616,0.009211,-0.026144,0.000000,
			-0.010609,0.998495,-0.053813,0.000000,
			0.025609,0.054070,0.998209,0.000000,
			0.000000,10.997345,0.803058,1.000000;;,
			8;16;
			0.998265,-0.023313,-0.054068,0.000000,
			0.021861,0.999388,-0.027297,0.000000,
			0.054671,0.026067,0.998164,0.000000,
			0.000000,10.997345,0.803058,1.000000;;,
			9;16;
			0.995526,-0.064760,-0.068801,0.000000,
			0.065379,0.997837,0.006786,0.000000,
			0.068213,-0.011254,0.997607,0.000000,
			0.000000,10.997345,0.803058,1.000000;;,
			10;16;
			0.994254,-0.085799,-0.064004,0.000000,
			0.088969,0.994856,0.048436,0.000000,
			0.059519,-0.053852,0.996774,0.000000,
			0.000000,10.997345,0.803058,1.000000;;,
			11;16;
			0.995489,-0.079472,-0.051830,0.000000,
			0.082460,0.994887,0.058313,0.000000,
			0.046931,-0.062324,0.996952,0.000000,
			0.000000,10.997345,0.803058,1.000000;;,
			12;16;
			0.997642,-0.058552,-0.035799,0.000000,
			0.059351,0.998002,0.021659,0.000000,
			0.034459,-0.023732,0.999124,0.000000,
			0.000000,10.997345,0.803058,1.000000;;,
			13;16;
			0.999647,-0.020804,-0.016514,0.000000,
			0.020657,0.999746,-0.009018,0.000000,
			0.016697,0.008674,0.999823,0.000000,
			0.000000,10.997345,0.803058,1.000000;;,
			14;16;
			0.999977,-0.006247,0.002620,0.000000,
			0.006251,0.999980,-0.001343,0.000000,
			-0.002612,0.001360,0.999996,0.000000,
			0.000000,10.997345,0.803058,1.000000;;,
			15;16;
			0.999806,-0.004476,0.019186,0.000000,
			0.004237,0.999913,0.012474,0.000000,
			-0.019240,-0.012391,0.999738,0.000000,
			0.000000,10.997345,0.803058,1.000000;;,
			16;16;
			0.998214,0.053257,0.027052,0.000000,
			-0.052765,0.998434,-0.018580,0.000000,
			-0.027999,0.017119,0.999461,0.000000,
			0.000000,10.997345,0.803058,1.000000;;,
			17;16;
			0.993224,0.113719,0.023969,0.000000,
			-0.112502,0.992533,-0.047124,0.000000,
			-0.029149,0.044108,0.998601,0.000000,
			0.000000,10.997345,0.803058,1.000000;;,
			18;16;
			0.988333,0.152179,0.006205,0.000000,
			-0.151578,0.986773,-0.057478,0.000000,
			-0.014870,0.055867,0.998327,0.000000,
			0.000000,10.997345,0.803058,1.000000;;,
			19;16;
			0.988303,0.150986,-0.021465,0.000000,
			-0.152061,0.986345,-0.063252,0.000000,
			0.011622,0.065776,0.997767,0.000000,
			0.000000,10.997345,0.803058,1.000000;;,
			20;16;
			0.994055,0.104770,-0.029642,0.000000,
			-0.106595,0.991925,-0.068721,0.000000,
			0.022203,0.071472,0.997195,0.000000,
			0.000000,10.997345,0.803058,1.000000;;,
			21;16;
			0.998244,0.055333,-0.021144,0.000000,
			-0.056727,0.995769,-0.072298,0.000000,
			0.017054,0.073371,0.997159,0.000000,
			0.000000,10.997345,0.803058,1.000000;;,
			22;16;
			0.999616,0.009211,-0.026144,0.000000,
			-0.010609,0.998495,-0.053813,0.000000,
			0.025609,0.054070,0.998209,0.000000,
			0.000000,10.997345,0.803058,1.000000;;,
			23;16;
			0.998265,-0.023313,-0.054068,0.000000,
			0.021861,0.999388,-0.027297,0.000000,
			0.054671,0.026067,0.998164,0.000000,
			0.000000,10.997345,0.803058,1.000000;;,
			24;16;
			0.995526,-0.064760,-0.068801,0.000000,
			0.065379,0.997837,0.006786,0.000000,
			0.068213,-0.011254,0.997607,0.000000,
			0.000000,10.997345,0.803058,1.000000;;,
			25;16;
			0.994254,-0.085799,-0.064004,0.000000,
			0.088969,0.994856,0.048436,0.000000,
			0.059519,-0.053852,0.996774,0.000000,
			0.000000,10.997345,0.803058,1.000000;;,
			26;16;
			0.995489,-0.079472,-0.051830,0.000000,
			0.082460,0.994887,0.058313,0.000000,
			0.046931,-0.062324,0.996952,0.000000,
			0.000000,10.997345,0.803058,1.000000;;,
			27;16;
			0.997642,-0.058552,-0.035799,0.000000,
			0.059351,0.998002,0.021659,0.000000,
			0.034459,-0.023732,0.999124,0.000000,
			0.000000,10.997345,0.803058,1.000000;;,
			28;16;
			0.999647,-0.020804,-0.016514,0.000000,
			0.020657,0.999746,-0.009018,0.000000,
			0.016697,0.008674,0.999823,0.000000,
			0.000000,10.997345,0.803058,1.000000;;,
			29;16;
			0.999977,-0.006247,0.002620,0.000000,
			0.006251,0.999980,-0.001343,0.000000,
			-0.002612,0.001360,0.999996,0.000000,
			0.000000,10.997345,0.803058,1.000000;;,
			30;16;
			0.999806,-0.004476,0.019186,0.000000,
			0.004237,0.999913,0.012474,0.000000,
			-0.019240,-0.012391,0.999738,0.000000,
			0.000000,10.997345,0.803058,1.000000;;;
		}
	}
	Animation {
		{mixamorig_Spine1}
		AnimationKey {
			4;
			31;
			0;16;
			0.999060,0.034975,0.025596,0.000000,
			-0.032780,0.996121,-0.081662,0.000000,
			-0.028352,0.080747,0.996331,0.000000,
			0.000000,12.864401,0.000000,1.000000;;,
			1;16;
			0.999220,0.011880,0.037669,0.000000,
			-0.009210,0.997486,-0.070263,0.000000,
			-0.038409,0.069861,0.996817,0.000000,
			0.000000,12.864401,0.000000,1.000000;;,
			2;16;
			0.999165,-0.019257,0.036040,0.000000,
			0.021755,0.997291,-0.070267,0.000000,
			-0.034590,0.070993,0.996877,0.000000,
			0.000000,12.864401,0.000000,1.000000;;,
			3;16;
			0.998862,-0.042641,0.021378,0.000000,
			0.044493,0.994451,-0.095323,0.000000,
			-0.017195,0.096166,0.995217,0.000000,
			0.000000,12.864401,0.000000,1.000000;;,
			4;16;
			0.998717,-0.048488,-0.014572,0.000000,
			0.046447,0.991992,-0.117449,0.000000,
			0.020150,0.116621,0.992972,0.000000,
			0.000000,12.864401,0.000000,1.000000;;,
			5;16;
			0.998765,-0.039375,-0.030291,0.000000,
			0.035562,0.992436,-0.117502,0.000000,
			0.034689,0.116280,0.992610,0.000000,
			0.000000,12.864401,0.000000,1.000000;;,
			6;16;
			0.999512,-0.020701,-0.023391,0.000000,
			0.018015,0.993800,-0.109716,0.000000,
			0.025517,0.109241,0.993688,0.000000,
			0.000000,12.864401,0.000000,1.000000;;,
			7;16;
			0.999309,0.014276,-0.034316,0.000000,
			-0.018045,0.993527,-0.112157,0.000000,
			0.032493,0.112699,0.993098,0.000000,
			0.000000,12.864401,0.000000,1.000000;;,
			8;16;
			0.996896,0.038824,-0.068496,0.000000,
			-0.047103,0.991196,-0.123736,0.000000,
			0.063089,0.126579,0.989948,0.000000,
			0.000000,12.864401,0.000000,1.000000;;,
			9;16;
			0.995425,0.054835,-0.078249,0.000000,
			-0.064466,0.989883,-0.126398,0.000000,
			0.070526,0.130864,0.988889,0.000000,
			0.000000,12.864401,0.000000,1.000000;;,
			10;16;
			0.995909,0.061089,-0.066583,0.000000,
			-0.068776,0.990383,-0.120050,0.000000,
			0.058609,0.124138,0.990532,0.000000,
			0.000000,12.864401,0.000000,1.000000;;,
			11;16;
			0.997700,0.053809,-0.041214,0.000000,
			-0.058090,0.992133,-0.110890,0.000000,
			0.034923,0.113029,0.992978,0.000000,
			0.000000,12.864401,0.000000,1.000000;;,
			12;16;
			0.998814,0.043407,-0.022049,0.000000,
			-0.045691,0.992119,-0.116671,0.000000,
			0.016811,0.117540,0.992926,0.000000,
			0.000000,12.864401,0.000000,1.000000;;,
			13;16;
			0.998736,0.045802,-0.020707,0.000000,
			-0.048008,0.991250,-0.122955,0.000000,
			0.014895,0.123794,0.992196,0.000000,
			0.000000,12.864401,0.000000,1.000000;;,
			14;16;
			0.998919,0.046482,0.000192,0.000000,
			-0.046220,0.993698,-0.102119,0.000000,
			-0.004937,0.102000,0.994772,0.000000,
			0.000000,12.864401,0.000000,1.000000;;,
			15;16;
			0.999060,0.034975,0.025596,0.000000,
			-0.032780,0.996121,-0.081662,0.000000,
			-0.028352,0.080747,0.996331,0.000000,
			0.000000,12.864401,0.000000,1.000000;;,
			16;16;
			0.999220,0.011880,0.037669,0.000000,
			-0.009210,0.997486,-0.070263,0.000000,
			-0.038409,0.069861,0.996817,0.000000,
			0.000000,12.864401,0.000000,1.000000;;,
			17;16;
			0.999165,-0.019257,0.036040,0.000000,
			0.021755,0.997291,-0.070267,0.000000,
			-0.034590,0.070993,0.996877,0.000000,
			0.000000,12.864401,0.000000,1.000000;;,
			18;16;
			0.998862,-0.042641,0.021378,0.000000,
			0.044493,0.994451,-0.095323,0.000000,
			-0.017195,0.096166,0.995217,0.000000,
			0.000000,12.864401,0.000000,1.000000;;,
			19;16;
			0.998717,-0.048488,-0.014572,0.000000,
			0.046447,0.991992,-0.117449,0.000000,
			0.020150,0.116621,0.992972,0.000000,
			0.000000,12.864401,0.000000,1.000000;;,
			20;16;
			0.998765,-0.039375,-0.030291,0.000000,
			0.035562,0.992436,-0.117502,0.000000,
			0.034689,0.116280,0.992610,0.000000,
			0.000000,12.864401,0.000000,1.000000;;,
			21;16;
			0.999512,-0.020701,-0.023391,0.000000,
			0.018015,0.993800,-0.109716,0.000000,
			0.025517,0.109241,0.993688,0.000000,
			0.000000,12.864401,0.000000,1.000000;;,
			22;16;
			0.999309,0.014276,-0.034316,0.000000,
			-0.018045,0.993527,-0.112157,0.000000,
			0.032493,0.112699,0.993098,0.000000,
			0.000000,12.864401,0.000000,1.000000;;,
			23;16;
			0.996896,0.038824,-0.068496,0.000000,
			-0.047103,0.991196,-0.123736,0.000000,
			0.063089,0.126579,0.989948,0.000000,
			0.000000,12.864401,0.000000,1.000000;;,
			24;16;
			0.995425,0.054835,-0.078249,0.000000,
			-0.064466,0.989883,-0.126398,0.000000,
			0.070526,0.130864,0.988889,0.000000,
			0.000000,12.864401,0.000000,1.000000;;,
			25;16;
			0.995909,0.061089,-0.066583,0.000000,
			-0.068776,0.990383,-0.120050,0.000000,
			0.058609,0.124138,0.990532,0.000000,
			0.000000,12.864401,0.000000,1.000000;;,
			26;16;
			0.997700,0.053809,-0.041214,0.000000,
			-0.058090,0.992133,-0.110890,0.000000,
			0.034923,0.113029,0.992978,0.000000,
			0.000000,12.864401,0.000000,1.000000;;,
			27;16;
			0.998814,0.043407,-0.022049,0.000000,
			-0.045691,0.992119,-0.116671,0.000000,
			0.016811,0.117540,0.992926,0.000000,
			0.000000,12.864401,0.000000,1.000000;;,
			28;16;
			0.998736,0.045802,-0.020707,0.000000,
			-0.048008,0.991250,-0.122955,0.000000,
			0.014895,0.123794,0.992196,0.000000,
			0.000000,12.864401,0.000000,1.000000;;,
			29;16;
			0.998919,0.046482,0.000192,0.000000,
			-0.046220,0.993698,-0.102119,0.000000,
			-0.004937,0.102000,0.994772,0.000000,
			0.000000,12.864401,0.000000,1.000000;;,
			30;16;
			0.999060,0.034975,0.025596,0.000000,
			-0.032780,0.996121,-0.081662,0.000000,
			-0.028352,0.080747,0.996331,0.000000,
			0.000000,12.864401,0.000000,1.000000;;;
		}
	}
	Animation {
		{mixamorig_Spine2}
		AnimationKey {
			4;
			31;
			0;16;
			0.999013,0.036316,0.025596,0.000000,
			-0.034120,0.996084,-0.081567,0.000000,
			-0.028458,0.080613,0.996339,0.000000,
			0.000000,14.702159,-0.000000,1.000000;;,
			1;16;
			0.999348,0.010635,0.034507,0.000000,
			-0.008162,0.997440,-0.071036,0.000000,
			-0.035175,0.070708,0.996877,0.000000,
			0.000000,14.702159,-0.000000,1.000000;;,
			2;16;
			0.999382,-0.021370,0.027895,0.000000,
			0.023329,0.997138,-0.071911,0.000000,
			-0.026279,0.072517,0.997021,0.000000,
			0.000000,14.702159,-0.000000,1.000000;;,
			3;16;
			0.998867,-0.046575,0.009779,0.000000,
			0.047307,0.994126,-0.097344,0.000000,
			-0.005187,0.097697,0.995203,0.000000,
			0.000000,14.702159,-0.000000,1.000000;;,
			4;16;
			0.998236,-0.053934,-0.024829,0.000000,
			0.050701,0.991921,-0.116282,0.000000,
			0.030900,0.114818,0.992906,0.000000,
			0.000000,14.702159,-0.000000,1.000000;;,
			5;16;
			0.998332,-0.042906,-0.038628,0.000000,
			0.038191,0.992576,-0.115470,0.000000,
			0.043295,0.113803,0.992560,0.000000,
			0.000000,14.702159,-0.000000,1.000000;;,
			6;16;
			0.999366,-0.021369,-0.028471,0.000000,
			0.018163,0.993935,-0.108463,0.000000,
			0.030616,0.107877,0.993693,0.000000,
			0.000000,14.702159,-0.000000,1.000000;;,
			7;16;
			0.999371,0.010636,-0.033837,0.000000,
			-0.014372,0.993586,-0.112159,0.000000,
			0.032427,0.112575,0.993114,0.000000,
			0.000000,14.702159,-0.000000,1.000000;;,
			8;16;
			0.997550,0.030710,-0.062852,0.000000,
			-0.038521,0.991141,-0.127105,0.000000,
			0.058392,0.129215,0.989896,0.000000,
			0.000000,14.702159,-0.000000,1.000000;;,
			9;16;
			0.996801,0.042266,-0.067827,0.000000,
			-0.051021,0.989797,-0.133038,0.000000,
			0.061511,0.136073,0.988787,0.000000,
			0.000000,14.702159,-0.000000,1.000000;;,
			10;16;
			0.997227,0.048511,-0.056440,0.000000,
			-0.055306,0.990510,-0.125825,0.000000,
			0.049800,0.128597,0.990446,0.000000,
			0.000000,14.702159,-0.000000,1.000000;;,
			11;16;
			0.998389,0.044827,-0.034795,0.000000,
			-0.048517,0.992332,-0.113678,0.000000,
			0.029433,0.115183,0.992908,0.000000,
			0.000000,14.702159,-0.000000,1.000000;;,
			12;16;
			0.999128,0.037472,-0.018407,0.000000,
			-0.039386,0.992242,-0.117917,0.000000,
			0.013845,0.118539,0.992853,0.000000,
			0.000000,14.702159,-0.000000,1.000000;;,
			13;16;
			0.998854,0.044272,-0.018215,0.000000,
			-0.046194,0.991205,-0.124007,0.000000,
			0.012565,0.124706,0.992114,0.000000,
			0.000000,14.702159,-0.000000,1.000000;;,
			14;16;
			0.998850,0.047918,0.001534,0.000000,
			-0.047509,0.993598,-0.102500,0.000000,
			-0.006436,0.102309,0.994732,0.000000,
			0.000000,14.702159,-0.000000,1.000000;;,
			15;16;
			0.999013,0.036316,0.025596,0.000000,
			-0.034120,0.996084,-0.081567,0.000000,
			-0.028458,0.080613,0.996339,0.000000,
			0.000000,14.702159,-0.000000,1.000000;;,
			16;16;
			0.999348,0.010635,0.034507,0.000000,
			-0.008162,0.997440,-0.071036,0.000000,
			-0.035175,0.070708,0.996877,0.000000,
			0.000000,14.702159,-0.000000,1.000000;;,
			17;16;
			0.999382,-0.021370,0.027895,0.000000,
			0.023329,0.997138,-0.071911,0.000000,
			-0.026279,0.072517,0.997021,0.000000,
			0.000000,14.702159,-0.000000,1.000000;;,
			18;16;
			0.998867,-0.046575,0.009779,0.000000,
			0.047307,0.994126,-0.097344,0.000000,
			-0.005187,0.097697,0.995203,0.000000,
			0.000000,14.702159,-0.000000,1.000000;;,
			19;16;
			0.998236,-0.053934,-0.024829,0.000000,
			0.050701,0.991921,-0.116282,0.000000,
			0.030900,0.114818,0.992906,0.000000,
			0.000000,14.702159,-0.000000,1.000000;;,
			20;16;
			0.998332,-0.042906,-0.038628,0.000000,
			0.038191,0.992576,-0.115470,0.000000,
			0.043295,0.113803,0.992560,0.000000,
			0.000000,14.702159,-0.000000,1.000000;;,
			21;16;
			0.999366,-0.021369,-0.028471,0.000000,
			0.018163,0.993935,-0.108463,0.000000,
			0.030616,0.107877,0.993693,0.000000,
			0.000000,14.702159,-0.000000,1.000000;;,
			22;16;
			0.999371,0.010636,-0.033837,0.000000,
			-0.014372,0.993586,-0.112159,0.000000,
			0.032427,0.112575,0.993114,0.000000,
			0.000000,14.702159,-0.000000,1.000000;;,
			23;16;
			0.997550,0.030710,-0.062852,0.000000,
			-0.038521,0.991141,-0.127105,0.000000,
			0.058392,0.129215,0.989896,0.000000,
			0.000000,14.702159,-0.000000,1.000000;;,
			24;16;
			0.996801,0.042266,-0.067827,0.000000,
			-0.051021,0.989797,-0.133038,0.000000,
			0.061511,0.136073,0.988787,0.000000,
			0.000000,14.702159,-0.000000,1.000000;;,
			25;16;
			0.997227,0.048511,-0.056440,0.000000,
			-0.055306,0.990510,-0.125825,0.000000,
			0.049800,0.128597,0.990446,0.000000,
			0.000000,14.702159,-0.000000,1.000000;;,
			26;16;
			0.998389,0.044827,-0.034795,0.000000,
			-0.048517,0.992332,-0.113678,0.000000,
			0.029433,0.115183,0.992908,0.000000,
			0.000000,14.702159,-0.000000,1.000000;;,
			27;16;
			0.999128,0.037472,-0.018407,0.000000,
			-0.039386,0.992242,-0.117917,0.000000,
			0.013845,0.118539,0.992853,0.000000,
