xof 0303txt 0032
Frame Ch44 {
	FrameTransformMatrix {
		1.000000,0.000000,0.000000,0.000000,
		0.000000,1.000000,0.000000,0.000000,
		0.000000,0.000000,1.000000,0.000000,
		0.000000,0.000000,0.000000,1.000000;;
	}
}
Frame mixamorig_Hips {
	FrameTransformMatrix {
		1.000000,0.000000,0.000000,0.000000,
		0.000000,1.000000,0.000000,0.000000,
		0.000000,0.000000,1.000000,0.000000,
		0.000000,103.266609,-1.469107,1.000000;;
	}
	Frame mixamorig_Spine {
		FrameTransformMatrix {
			1.000000,0.000000,0.000000,0.000000,
			0.000000,0.997344,0.072829,0.000000,
			0.000000,-0.072829,0.997344,0.000000,
			0.000000,10.997345,0.803058,1.000000;;
		}
		Frame mixamorig_Spine1 {
			FrameTransformMatrix {
				1.000000,0.000000,0.000000,0.000000,
				0.000000,1.000000,0.000000,0.000000,
				0.000000,-0.000000,1.000000,0.000000,
				0.000000,12.864401,0.000000,1.000000;;
			}
			Frame mixamorig_Spine2 {
				FrameTransformMatrix {
					1.000000,0.000000,0.000000,0.000000,
					0.000000,1.000000,0.000000,0.000000,
					0.000000,0.000000,1.000000,0.000000,
					0.000000,14.702159,-0.000000,1.000000;;
				}
				Frame mixamorig_Neck {
					FrameTransformMatrix {
						1.000000,0.000000,0.000000,0.000000,
						0.000000,0.997344,-0.072829,0.000000,
						0.000000,0.072829,0.997344,0.000000,
						0.000000,16.539940,-0.000002,1.000000;;
					}
					Frame mixamorig_Head {
						FrameTransformMatrix {
							1.000000,0.000000,0.000000,0.000000,
							0.000000,1.000000,0.000000,0.000000,
							0.000000,0.000000,1.000000,0.000000,
							0.000000,6.188477,-2.321620,1.000000;;
						}
						Frame mixamorig_HeadTop_End {
							FrameTransformMatrix {
								1.000000,0.000000,0.000000,0.000000,
								0.000000,1.000000,0.000000,0.000000,
								0.000000,0.000000,1.000000,0.000000,
								0.000000,23.717819,-8.897791,1.000000;;
							}
						}
					}
				}
				Frame mixamorig_LeftShoulder {
					FrameTransformMatrix {
						-0.015629,0.000026,0.999878,0.000000,
						0.965663,-0.259358,0.015101,0.000000,
						0.259327,0.965781,0.004028,0.000000,
						7.985327,14.403621,0.124439,1.000000;;
					}
					Frame mixamorig_LeftArm {
						FrameTransformMatrix {
							0.997591,-0.069377,0.000000,0.000000,
							0.068756,0.988660,0.133504,0.000000,
							-0.009262,-0.133183,0.991048,0.000000,
							0.000000,16.443417,-0.000000,1.000000;;
						}
						Frame mixamorig_LeftForeArm {
							FrameTransformMatrix {
								0.973581,0.228340,0.000000,0.000000,
								-0.227190,0.968679,0.100224,0.000000,
								0.022885,-0.097576,0.994965,0.000000,
								0.000000,20.702911,-0.000000,1.000000;;
							}
							Frame mixamorig_LeftHand {
								FrameTransformMatrix {
									0.972875,0.064872,-0.222050,0.000000,
									-0.112243,0.971690,-0.207893,0.000000,
									0.202277,0.227177,0.952615,0.000000,
									-0.000000,28.480791,-0.000000,1.000000;;
								}
								Frame mixamorig_LeftHandThumb1 {
									FrameTransformMatrix {
										0.781580,0.623805,-0.000000,0.000000,
										-0.593986,0.744218,-0.305484,0.000000,
										-0.190562,0.238760,0.952197,0.000000,
										-2.770290,3.260447,-1.371969,1.000000;;
									}
									Frame mixamorig_LeftHandThumb2 {
										FrameTransformMatrix {
											1.000000,0.000000,0.000000,0.000000,
											0.000000,0.989067,-0.147469,0.000000,
											-0.000000,0.147469,0.989067,0.000000,
											-0.105061,3.592884,0.000000,1.000000;;
										}
										Frame mixamorig_LeftHandThumb3 {
											FrameTransformMatrix {
												1.000000,0.000000,-0.000000,0.000000,
												-0.000000,0.998617,-0.052569,0.000000,
												0.000000,0.052569,0.998617,0.000000,
												-0.033138,3.493665,0.000000,1.000000;;
											}
											Frame mixamorig_LeftHandThumb4 {
												FrameTransformMatrix {
													1.000000,0.000000,0.000000,0.000000,
													0.000000,1.000000,-0.000000,0.000000,
													-0.000000,0.000000,1.000000,0.000000,
													0.138198,2.622627,-0.000000,1.000000;;
												}
											}
										}
									}
								}
								Frame mixamorig_LeftHandIndex1 {
									FrameTransformMatrix {
										0.975732,0.218968,0.000000,0.000000,
										-0.218358,0.973014,-0.074591,0.000000,
										-0.016333,0.072780,0.997214,0.000000,
										-3.258903,10.756469,-0.003820,1.000000;;
									}
									Frame mixamorig_LeftHandIndex2 {
										FrameTransformMatrix {
											1.000000,0.000000,0.000000,0.000000,
											0.000000,0.949059,-0.315097,0.000000,
											0.000000,0.315097,0.949059,0.000000,
											0.109371,2.853128,-0.000000,1.000000;;
										}
										Frame mixamorig_LeftHandIndex3 {
											FrameTransformMatrix {
												1.000000,-0.000000,0.000000,0.000000,
												0.000000,0.999972,0.007531,0.000000,
												-0.000000,-0.007531,0.999972,0.000000,
												-0.061237,2.685963,-0.000000,1.000000;;
											}
											Frame mixamorig_LeftHandIndex4 {
												FrameTransformMatrix {
													1.000000,0.000000,-0.000000,0.000000,
													0.000000,1.000000,0.000000,0.000000,
													0.000000,-0.000000,1.000000,0.000000,
													-0.048135,2.249833,0.000000,1.000000;;
												}
											}
										}
									}
								}
								Frame mixamorig_LeftHandMiddle1 {
									FrameTransformMatrix {
										0.999615,-0.027734,0.000000,0.000000,
										0.027726,0.999345,-0.023271,0.000000,
										0.000645,0.023262,0.999729,0.000000,
										-1.104982,11.061543,0.178979,1.000000;;
									}
									Frame mixamorig_LeftHandMiddle2 {
										FrameTransformMatrix {
											1.000000,-0.000000,0.000000,0.000000,
											0.000000,0.908301,-0.418317,0.000000,
											-0.000000,0.418317,0.908301,0.000000,
											0.088648,3.112893,-0.000000,1.000000;;
										}
										Frame mixamorig_LeftHandMiddle3 {
											FrameTransformMatrix {
												1.000000,0.000000,0.000000,0.000000,
												0.000000,0.997395,-0.072133,0.000000,
												0.000000,0.072133,0.997395,0.000000,
												-0.039374,3.016294,0.000000,1.000000;;
											}
											Frame mixamorig_LeftHandMiddle4 {
												FrameTransformMatrix {
													1.000000,-0.000000,0.000000,0.000000,
													0.000000,1.000000,-0.000000,0.000000,
													-0.000000,0.000000,1.000000,0.000000,
													-0.049274,2.467938,-0.000000,1.000000;;
												}
											}
										}
									}
								}
								Frame mixamorig_LeftHandRing1 {
									FrameTransformMatrix {
										0.989613,-0.143755,-0.000000,0.000000,
										0.142955,0.984103,-0.105385,0.000000,
										0.015150,0.104291,0.994431,0.000000,
										1.260879,10.768150,0.117530,1.000000;;
									}
									Frame mixamorig_LeftHandRing2 {
										FrameTransformMatrix {
											1.000000,0.000000,0.000000,0.000000,
											0.000000,0.958275,-0.285846,0.000000,
											-0.000000,0.285846,0.958275,0.000000,
											0.039008,2.933240,-0.000000,1.000000;;
										}
										Frame mixamorig_LeftHandRing3 {
											FrameTransformMatrix {
												1.000000,0.000000,0.000000,0.000000,
												-0.000000,0.970306,-0.241881,0.000000,
												-0.000000,0.241881,0.970306,0.000000,
												-0.003802,2.869819,0.000000,1.000000;;
											}
											Frame mixamorig_LeftHandRing4 {
												FrameTransformMatrix {
													1.000000,-0.000000,0.000000,0.000000,
													0.000000,1.000000,0.000000,0.000000,
													-0.000000,-0.000000,1.000000,0.000000,
													-0.035205,2.582460,0.000000,1.000000;;
												}
											}
										}
									}
								}
								Frame mixamorig_LeftHandPinky1 {
									FrameTransformMatrix {
										0.923757,-0.382980,-0.000000,0.000000,
										0.371070,0.895028,-0.247451,0.000000,
										0.094769,0.228585,0.968900,0.000000,
										3.103006,9.804624,0.256461,1.000000;;
									}
									Frame mixamorig_LeftHandPinky2 {
										FrameTransformMatrix {
											1.000000,-0.000000,0.000000,0.000000,
											0.000000,0.953661,-0.300883,0.000000,
											0.000000,0.300883,0.953661,0.000000,
											-0.028648,2.793061,-0.000000,1.000000;;
										}
										Frame mixamorig_LeftHandPinky3 {
											FrameTransformMatrix {
												1.000000,-0.000000,0.000000,0.000000,
												0.000000,0.980726,-0.195386,0.000000,
												-0.000000,0.195386,0.980726,0.000000,
												0.003506,2.307577,-0.000000,1.000000;;
											}
											Frame mixamorig_LeftHandPinky4 {
												FrameTransformMatrix {
													1.000000,-0.000000,0.000000,0.000000,
													0.000000,1.000000,-0.000000,0.000000,
													-0.000000,0.000000,1.000000,0.000000,
													0.025142,2.027596,-0.000000,1.000000;;
												}
											}
										}
									}
								}
							}
						}
					}
				}
				Frame mixamorig_RightShoulder {
					FrameTransformMatrix {
						-0.023526,-0.000048,-0.999723,0.000000,
						-0.965663,-0.258801,0.022737,0.000000,
						-0.258730,0.965931,0.006042,0.000000,
						-7.985327,14.408205,0.187225,1.000000;;
					}
					Frame mixamorig_RightArm {
						FrameTransformMatrix {
							0.998693,0.051120,-0.000000,0.000000,
							-0.050671,0.989904,0.132371,0.000000,
							0.006767,-0.132198,0.991200,0.000000,
							0.000000,16.443417,-0.000000,1.000000;;
						}
						Frame mixamorig_RightForeArm {
							FrameTransformMatrix {
								0.975661,-0.219282,-0.000000,0.000000,
								0.218182,0.970764,0.100070,0.000000,
								-0.021944,-0.097635,0.994980,0.000000,
								-0.000000,20.688032,-0.000000,1.000000;;
							}
							Frame mixamorig_RightHand {
								FrameTransformMatrix {
									0.974043,-0.050031,0.220765,0.000000,
									0.097225,0.973196,-0.208415,0.000000,
									-0.204420,0.224469,0.952799,0.000000,
									-0.000000,28.483500,-0.000000,1.000000;;
								}
								Frame mixamorig_RightHandThumb1 {
									FrameTransformMatrix {
										0.765509,-0.643426,0.000000,0.000000,
										0.613035,0.729352,-0.303698,0.000000,
										0.195407,0.232484,0.952768,0.000000,
										2.698716,3.058632,-1.299813,1.000000;;
									}
									Frame mixamorig_RightHandThumb2 {
										FrameTransformMatrix {
											1.000000,-0.000000,-0.000000,0.000000,
											0.000000,0.987204,-0.159463,0.000000,
											0.000000,0.159463,0.987204,0.000000,
											0.078305,3.423988,0.000000,1.000000;;
										}
										Frame mixamorig_RightHandThumb3 {
											FrameTransformMatrix {
												1.000000,0.000000,-0.000000,0.000000,
												-0.000000,0.999012,-0.044446,0.000000,
												0.000000,0.044446,0.999012,0.000000,
												-0.053042,3.564641,-0.000000,1.000000;;
											}
											Frame mixamorig_RightHandThumb4 {
												FrameTransformMatrix {
													1.000000,-0.000000,0.000000,0.000000,
													0.000000,1.000000,-0.000000,0.000000,
													0.000000,0.000000,1.000000,0.000000,
													-0.025264,3.087018,-0.000000,1.000000;;
												}
											}
										}
									}
								}
								Frame mixamorig_RightHandIndex1 {
									FrameTransformMatrix {
										0.978087,-0.208195,0.000000,0.000000,
										0.206884,0.971927,-0.112062,0.000000,
										0.023331,0.109607,0.993701,0.000000,
										3.329366,10.756874,0.008224,1.000000;;
									}
									Frame mixamorig_RightHandIndex2 {
										FrameTransformMatrix {
											1.000000,-0.000000,0.000000,0.000000,
											0.000000,0.959553,-0.281529,0.000000,
											0.000000,0.281529,0.959553,0.000000,
											-0.077823,2.776619,0.000000,1.000000;;
										}
										Frame mixamorig_RightHandIndex3 {
											FrameTransformMatrix {
												1.000000,0.000000,0.000000,0.000000,
												-0.000000,0.997985,0.063452,0.000000,
												-0.000000,-0.063452,0.997985,0.000000,
												0.057177,2.737660,-0.000000,1.000000;;
											}
											Frame mixamorig_RightHandIndex4 {
												FrameTransformMatrix {
													1.000000,0.000000,0.000000,0.000000,
													-0.000000,1.000000,0.000000,0.000000,
													-0.000000,-0.000000,1.000000,0.000000,
													0.020645,2.185542,0.000000,1.000000;;
												}
											}
										}
									}
								}
								Frame mixamorig_RightHandMiddle1 {
									FrameTransformMatrix {
										0.999995,-0.003233,-0.000000,0.000000,
										0.003224,0.997271,-0.073758,0.000000,
										0.000238,0.073758,0.997276,0.000000,
										1.147194,11.013397,0.263927,1.000000;;
									}
									Frame mixamorig_RightHandMiddle2 {
										FrameTransformMatrix {
											1.000000,-0.000000,0.000000,0.000000,
											0.000000,0.929103,-0.369821,0.000000,
											-0.000000,0.369821,0.929103,0.000000,
											-0.085029,3.240009,0.000000,1.000000;;
										}
										Frame mixamorig_RightHandMiddle3 {
											FrameTransformMatrix {
												1.000000,0.000000,0.000000,0.000000,
												0.000000,0.989832,-0.142239,0.000000,
												0.000000,0.142239,0.989832,0.000000,
												0.027768,3.001971,0.000000,1.000000;;
											}
											Frame mixamorig_RightHandMiddle4 {
												FrameTransformMatrix {
													1.000000,-0.000000,0.000000,0.000000,
													0.000000,1.000000,-0.000000,0.000000,
													-0.000000,0.000000,1.000000,0.000000,
													0.057261,2.538451,-0.000000,1.000000;;
												}
											}
										}
									}
								}
								Frame mixamorig_RightHandRing1 {
									FrameTransformMatrix {
										0.994430,0.105395,-0.000000,0.000000,
										-0.104525,0.986228,-0.128177,0.000000,
										-0.013509,0.127463,0.991751,0.000000,
										-1.318436,11.095921,0.178815,1.000000;;
									}
									Frame mixamorig_RightHandRing2 {
										FrameTransformMatrix {
											1.000000,0.000000,0.000000,0.000000,
											0.000000,0.949020,-0.315216,0.000000,
											0.000000,0.315216,0.949020,0.000000,
											-0.037767,2.875236,-0.000000,1.000000;;
										}
										Frame mixamorig_RightHandRing3 {
											FrameTransformMatrix {
												1.000000,0.000000,-0.000000,0.000000,
												-0.000000,0.984593,-0.174859,0.000000,
												0.000000,0.174859,0.984593,0.000000,
												0.008583,2.694868,-0.000000,1.000000;;
											}
											Frame mixamorig_RightHandRing4 {
												FrameTransformMatrix {
													1.000000,-0.000000,0.000000,0.000000,
													0.000000,1.000000,0.000000,0.000000,
													-0.000000,-0.000000,1.000000,0.000000,
													0.029184,2.360416,-0.000000,1.000000;;
												}
											}
										}
									}
								}
								Frame mixamorig_RightHandPinky1 {
									FrameTransformMatrix {
										0.950507,0.310705,-0.000000,0.000000,
										-0.304759,0.932319,-0.194688,0.000000,
										-0.060490,0.185052,0.980865,0.000000,
										-3.158124,9.809884,0.152362,1.000000;;
									}
									Frame mixamorig_RightHandPinky2 {
										FrameTransformMatrix {
											1.000000,-0.000000,0.000000,0.000000,
											0.000000,0.919506,-0.393077,0.000000,
											0.000000,0.393077,0.919506,0.000000,
											0.016399,2.855931,-0.000000,1.000000;;
										}
										Frame mixamorig_RightHandPinky3 {
											FrameTransformMatrix {
												1.000000,-0.000000,0.000000,0.000000,
												0.000000,0.974769,-0.223216,0.000000,
												-0.000000,0.223216,0.974769,0.000000,
												-0.005530,2.304318,-0.000000,1.000000;;
											}
											Frame mixamorig_RightHandPinky4 {
												FrameTransformMatrix {
													1.000000,-0.000000,0.000000,0.000000,
													0.000000,1.000000,0.000000,0.000000,
													-0.000000,-0.000000,1.000000,0.000000,
													-0.010869,1.994622,-0.000000,1.000000;;
												}
											}
										}
									}
								}
							}
						}
					}
				}
			}
		}
	}
	Frame mixamorig_LeftUpLeg {
		FrameTransformMatrix {
			-0.994837,-0.101308,0.006047,0.000000,
			0.101488,-0.993069,0.059281,0.000000,
			0.000000,0.059588,0.998223,0.000000,
			9.640739,-6.119278,-0.586611,1.000000;;
		}
		Frame mixamorig_LeftLeg {
			FrameTransformMatrix {
				0.999911,0.013370,-0.000000,0.000000,
				-0.013348,0.998315,0.056467,0.000000,
				0.000755,-0.056462,0.998404,0.000000,
				0.000000,45.053291,-0.000000,1.000000;;
			}
			Frame mixamorig_LeftFoot {
				FrameTransformMatrix {
					0.976062,-0.000000,-0.217492,0.000000,
					-0.189754,0.488677,-0.851580,0.000000,
					0.106283,0.872465,0.476979,0.000000,
					0.000000,42.823772,-0.000000,1.000000;;
				}
				Frame mixamorig_LeftToeBase {
					FrameTransformMatrix {
						0.995585,0.000000,-0.093863,0.000000,
						-0.051165,0.838369,-0.542697,0.000000,
						0.078692,0.545103,0.834667,0.000000,
						0.000000,16.588381,0.000000,1.000000;;
					}
					Frame mixamorig_LeftToe_End {
						FrameTransformMatrix {
							1.000000,0.000000,-0.000000,0.000000,
							-0.000000,1.000000,-0.000000,0.000000,
							0.000000,0.000000,1.000000,0.000000,
							-0.000000,6.714916,0.000000,1.000000;;
						}
					}
				}
			}
		}
	}
	Frame mixamorig_RightUpLeg {
		FrameTransformMatrix {
			-0.994833,0.101387,-0.005333,0.000000,
			-0.101528,-0.993459,0.052260,0.000000,
			-0.000000,0.052531,0.998619,0.000000,
			-9.640739,-6.119278,-0.358860,1.000000;;
		}
		Frame mixamorig_RightLeg {
			FrameTransformMatrix {
				0.999911,-0.013365,0.000000,0.000000,
				0.013336,0.997752,0.065681,0.000000,
				-0.000878,-0.065675,0.997841,0.000000,
				-0.000000,45.035599,0.000000,1.000000;;
			}
			Frame mixamorig_RightFoot {
				FrameTransformMatrix {
					0.976864,0.000000,0.213861,0.000000,
					0.187468,0.481234,-0.856311,0.000000,
					-0.102917,0.876592,0.470100,0.000000,
					-0.000000,42.834618,-0.000000,1.000000;;
				}
				Frame mixamorig_RightToeBase {
					FrameTransformMatrix {
						0.994956,0.000000,0.100310,0.000000,
						0.054161,0.841704,-0.537215,0.000000,
						-0.084431,0.539939,0.837459,0.000000,
						-0.000000,16.735941,0.000000,1.000000;;
					}
					Frame mixamorig_RightToe_End {
						FrameTransformMatrix {
							1.000000,0.000000,0.000000,0.000000,
							-0.000000,1.000000,0.000000,0.000000,
							-0.000000,-0.000000,1.000000,0.000000,
							-0.000000,6.713154,-0.000000,1.000000;;
						}
					}
				}
			}
		}
	}
}
AnimationSet SprintBackward {
	Animation {
		{mixamorig_Hips}
		AnimationKey {
			4;
			31;
			0;16;
			0.955053,0.047102,-0.292669,0.000000,
			-0.012283,0.992735,0.119689,0.000000,
			0.296181,-0.110714,0.948693,0.000000,
			5.250920,95.421448,-0.055252,1.000000;;,
			1;16;
			0.962997,0.033251,-0.267452,0.000000,
			0.006455,0.989230,0.146227,0.000000,
			0.269434,-0.142542,0.952411,0.000000,
			4.712369,97.727875,0.460650,1.000000;;,
			2;16;
			0.969610,0.009575,-0.244468,0.000000,
			0.033411,0.984690,0.171084,0.000000,
			0.242363,-0.174053,0.954445,0.000000,
			4.154561,99.700737,0.611666,1.000000;;,
			3;16;
			0.975391,-0.012438,-0.220130,0.000000,
			0.056756,0.978926,0.196172,0.000000,
			0.213051,-0.203838,0.955541,0.000000,
			3.672547,100.546349,0.722530,1.000000;;,
			4;16;
			0.985113,-0.000094,-0.171906,0.000000,
			0.034600,0.979644,0.197741,0.000000,
			0.168388,-0.200745,0.965063,0.000000,
			2.786314,99.507729,0.538034,1.000000;;,
			5;16;
			0.993455,0.015431,-0.113176,0.000000,
			0.007915,0.979150,0.202984,0.000000,
			0.113948,-0.202551,0.972619,0.000000,
			1.803386,96.277893,0.335701,1.000000;;,
			6;16;
			0.997835,0.041543,-0.050983,0.000000,
			-0.030100,0.977752,0.207591,0.000000,
			0.058473,-0.205607,0.976886,0.000000,
			0.816772,93.951088,0.290133,1.000000;;,
			7;16;
			0.998558,0.053664,-0.001150,0.000000,
			-0.052280,0.977217,0.205704,0.000000,
			0.012163,-0.205347,0.978614,0.000000,
			0.121647,95.101532,0.185505,1.000000;;,
			8;16;
			0.997443,0.065504,0.028566,0.000000,
			-0.069844,0.978161,0.195763,0.000000,
			-0.015119,-0.197257,0.980235,0.000000,
			-0.140926,97.128197,0.449503,1.000000;;,
			9;16;
			0.996094,0.083181,0.029620,0.000000,
			-0.087093,0.980803,0.174474,0.000000,
			-0.014539,-0.176372,0.984216,0.000000,
			0.376676,99.278397,0.596945,1.000000;;,
			10;16;
			0.990930,0.097406,-0.092577,0.000000,
			-0.085465,0.988443,0.125200,0.000000,
			0.103703,-0.116153,0.987803,0.000000,
			1.722277,100.740097,0.489630,1.000000;;,
			11;16;
			0.956429,0.095126,-0.276033,0.000000,
			-0.075094,0.993776,0.082280,0.000000,
			0.282142,-0.057967,0.957620,0.000000,
			3.392607,100.200607,0.232824,1.000000;;,
			12;16;
			0.932709,0.072938,-0.353177,0.000000,
			-0.056702,0.996813,0.056116,0.000000,
			0.356144,-0.032314,0.933872,0.000000,
			4.855213,97.735184,-0.110446,1.000000;;,
			13;16;
			0.938051,0.060249,-0.341219,0.000000,
			-0.038740,0.996829,0.069509,0.000000,
			0.344325,-0.051984,0.937410,0.000000,
			5.621043,95.110847,-0.339511,1.000000;;,
			14;16;
			0.946125,0.048572,-0.320138,0.000000,
			-0.020243,0.995624,0.091231,0.000000,
			0.323168,-0.079836,0.942968,0.000000,
			5.617320,93.853035,-0.411493,1.000000;;,
			15;16;
			0.955053,0.047102,-0.292669,0.000000,
			-0.012283,0.992735,0.119689,0.000000,
			0.296181,-0.110714,0.948693,0.000000,
			5.250842,95.421440,-0.055260,1.000000;;,
			16;16;
			0.962997,0.033251,-0.267452,0.000000,
			0.006455,0.989230,0.146227,0.000000,
			0.269434,-0.142542,0.952411,0.000000,
			4.712291,97.727890,0.460675,1.000000;;,
			17;16;
			0.969610,0.009575,-0.244468,0.000000,
			0.033411,0.984690,0.171084,0.000000,
			0.242363,-0.174053,0.954445,0.000000,
			4.154482,99.700737,0.611653,1.000000;;,
			18;16;
			0.975391,-0.012438,-0.220130,0.000000,
			0.056756,0.978926,0.196172,0.000000,
			0.213051,-0.203838,0.955541,0.000000,
			3.672469,100.546356,0.722556,1.000000;;,
			19;16;
			0.985113,-0.000094,-0.171906,0.000000,
			0.034600,0.979644,0.197741,0.000000,
			0.168388,-0.200745,0.965063,0.000000,
			2.786236,99.507729,0.538011,1.000000;;,
			20;16;
			0.993455,0.015431,-0.113176,0.000000,
			0.007915,0.979150,0.202984,0.000000,
			0.113948,-0.202551,0.972619,0.000000,
			1.803308,96.277893,0.335677,1.000000;;,
			21;16;
			0.997835,0.041543,-0.050983,0.000000,
			-0.030100,0.977752,0.207591,0.000000,
			0.058473,-0.205607,0.976886,0.000000,
			0.816694,93.951088,0.290141,1.000000;;,
			22;16;
			0.998558,0.053664,-0.001150,0.000000,
			-0.052280,0.977217,0.205704,0.000000,
			0.012163,-0.205347,0.978614,0.000000,
			0.121569,95.101532,0.185514,1.000000;;,
			23;16;
			0.997443,0.065504,0.028566,0.000000,
			-0.069844,0.978161,0.195763,0.000000,
			-0.015119,-0.197257,0.980235,0.000000,
			-0.141005,97.128220,0.449481,1.000000;;,
			24;16;
			0.996094,0.083181,0.029620,0.000000,
			-0.087093,0.980803,0.174474,0.000000,
			-0.014539,-0.176372,0.984216,0.000000,
			0.376600,99.278389,0.596918,1.000000;;,
			25;16;
			0.990930,0.097406,-0.092577,0.000000,
			-0.085465,0.988443,0.125200,0.000000,
			0.103703,-0.116153,0.987803,0.000000,
			1.722198,100.740105,0.489606,1.000000;;,
			26;16;
			0.956429,0.095126,-0.276033,0.000000,
			-0.075094,0.993776,0.082280,0.000000,
			0.282142,-0.057967,0.957620,0.000000,
			3.392529,100.200607,0.232831,1.000000;;,
			27;16;
			0.932709,0.072938,-0.353177,0.000000,
			-0.056702,0.996813,0.056116,0.000000,
			0.356144,-0.032314,0.933872,0.000000,
			4.855133,97.735199,-0.110440,1.000000;;,
			28;16;
			0.938051,0.060249,-0.341219,0.000000,
			-0.038740,0.996829,0.069509,0.000000,
			0.344325,-0.051984,0.937410,0.000000,
			5.620962,95.110847,-0.339501,1.000000;;,
			29;16;
			0.946125,0.048572,-0.320138,0.000000,
			-0.020243,0.995624,0.091231,0.000000,
			0.323168,-0.079836,0.942968,0.000000,
			5.617241,93.853035,-0.411517,1.000000;;,
			30;16;
			0.955053,0.047102,-0.292669,0.000000,
			-0.012283,0.992735,0.119689,0.000000,
			0.296181,-0.110714,0.948693,0.000000,
			5.250763,95.421440,-0.055251,1.000000;;;
		}
	}
	Animation {
		{mixamorig_Spine}
		AnimationKey {
			4;
			31;
			0;16;
			0.999221,0.010970,0.037898,0.000000,
			-0.007577,0.996043,-0.088553,0.000000,
			-0.038719,0.088197,0.995350,0.000000,
			0.000000,10.997345,0.803058,1.000000;;,
			1;16;
			0.998681,0.013278,0.049591,0.000000,
			-0.009716,0.997401,-0.071389,0.000000,
			-0.050410,0.070813,0.996215,0.000000,
			0.000000,10.997345,0.803058,1.000000;;,
			2;16;
			0.997960,0.029954,0.056377,0.000000,
			-0.026672,0.997955,-0.058092,0.000000,
			-0.058001,0.056470,0.996718,0.000000,
			0.000000,10.997345,0.803058,1.000000;;,
			3;16;
			0.996476,0.063964,0.054251,0.000000,
			-0.060157,0.995793,-0.069124,0.000000,
			-0.058444,0.065617,0.996132,0.000000,
			0.000000,10.997345,0.803058,1.000000;;,
			4;16;
			0.998137,0.027807,0.054300,0.000000,
			-0.024390,0.997741,-0.062593,0.000000,
			-0.055918,0.061152,0.996561,0.000000,
			0.000000,10.997345,0.803058,1.000000;;,
			5;16;
			0.998651,0.006609,0.051505,0.000000,
			-0.002313,0.996546,-0.083015,0.000000,
			-0.051875,0.082784,0.995216,0.000000,
			0.000000,10.997345,0.803058,1.000000;;,
			6;16;
			0.999306,-0.010487,0.035755,0.000000,
			0.013999,0.994946,-0.099435,0.000000,
			-0.034532,0.099867,0.994401,0.000000,
			0.000000,10.997345,0.803058,1.000000;;,
			7;16;
			0.999863,-0.011895,0.011532,0.000000,
			0.012987,0.994930,-0.099727,0.000000,
			-0.010287,0.099863,0.994948,0.000000,
			0.000000,10.997345,0.803058,1.000000;;,
			8;16;
			0.999791,-0.008644,-0.018510,0.000000,
			0.007109,0.996650,-0.081475,0.000000,
			0.019152,0.081327,0.996503,0.000000,
			0.000000,10.997345,0.803058,1.000000;;,
			9;16;
			0.998877,-0.004721,-0.047142,0.000000,
			0.002025,0.998369,-0.057063,0.000000,
			0.047335,0.056903,0.997257,0.000000,
			0.000000,10.997345,0.803058,1.000000;;,
			10;16;
			0.999193,-0.004386,-0.039915,0.000000,
			0.002571,0.998964,-0.045431,0.000000,
			0.040073,0.045292,0.998170,0.000000,
			0.000000,10.997345,0.803058,1.000000;;,
			11;16;
			0.999696,-0.001566,-0.024625,0.000000,
			0.000298,0.998677,-0.051424,0.000000,
			0.024673,0.051401,0.998373,0.000000,
			0.000000,10.997345,0.803058,1.000000;;,
			12;16;
			0.999936,0.005712,-0.009773,0.000000,
			-0.006400,0.997389,-0.071933,0.000000,
			0.009336,0.071991,0.997362,0.000000,
			0.000000,10.997345,0.803058,1.000000;;,
			13;16;
			0.999904,0.010594,0.008944,0.000000,
			-0.009714,0.995596,-0.093243,0.000000,
			-0.009892,0.093147,0.995603,0.000000,
			0.000000,10.997345,0.803058,1.000000;;,
			14;16;
			0.999521,0.017044,0.025850,0.000000,
			-0.014403,0.994972,-0.099117,0.000000,
			-0.027410,0.098697,0.994740,0.000000,
			0.000000,10.997345,0.803058,1.000000;;,
			15;16;
			0.999221,0.010970,0.037898,0.000000,
			-0.007577,0.996043,-0.088553,0.000000,
			-0.038719,0.088197,0.995350,0.000000,
			0.000000,10.997345,0.803058,1.000000;;,
			16;16;
			0.998681,0.013278,0.049591,0.000000,
			-0.009716,0.997401,-0.071389,0.000000,
			-0.050410,0.070813,0.996215,0.000000,
			0.000000,10.997345,0.803058,1.000000;;,
			17;16;
			0.997960,0.029954,0.056377,0.000000,
			-0.026672,0.997955,-0.058092,0.000000,
			-0.058001,0.056470,0.996718,0.000000,
			0.000000,10.997345,0.803058,1.000000;;,
			18;16;
			0.996476,0.063964,0.054251,0.000000,
			-0.060157,0.995793,-0.069124,0.000000,
			-0.058444,0.065617,0.996132,0.000000,
			0.000000,10.997345,0.803058,1.000000;;,
			19;16;
			0.998137,0.027807,0.054300,0.000000,
			-0.024390,0.997741,-0.062593,0.000000,
			-0.055918,0.061152,0.996561,0.000000,
			0.000000,10.997345,0.803058,1.000000;;,
			20;16;
			0.998651,0.006609,0.051505,0.000000,
			-0.002313,0.996546,-0.083015,0.000000,
			-0.051875,0.082784,0.995216,0.000000,
			0.000000,10.997345,0.803058,1.000000;;,
			21;16;
			0.999306,-0.010487,0.035755,0.000000,
			0.013999,0.994946,-0.099435,0.000000,
			-0.034532,0.099867,0.994401,0.000000,
			0.000000,10.997345,0.803058,1.000000;;,
			22;16;
			0.999863,-0.011895,0.011532,0.000000,
			0.012987,0.994930,-0.099727,0.000000,
			-0.010287,0.099863,0.994948,0.000000,
			0.000000,10.997345,0.803058,1.000000;;,
			23;16;
			0.999791,-0.008644,-0.018510,0.000000,
			0.007109,0.996650,-0.081475,0.000000,
			0.019152,0.081327,0.996503,0.000000,
			0.000000,10.997345,0.803058,1.000000;;,
			24;16;
			0.998877,-0.004721,-0.047142,0.000000,
			0.002025,0.998369,-0.057063,0.000000,
			0.047335,0.056903,0.997257,0.000000,
			0.000000,10.997345,0.803058,1.000000;;,
			25;16;
			0.999193,-0.004386,-0.039915,0.000000,
			0.002571,0.998964,-0.045431,0.000000,
			0.040073,0.045292,0.998170,0.000000,
			0.000000,10.997345,0.803058,1.000000;;,
			26;16;
			0.999696,-0.001566,-0.024625,0.000000,
			0.000298,0.998677,-0.051424,0.000000,
			0.024673,0.051401,0.998373,0.000000,
			0.000000,10.997345,0.803058,1.000000;;,
			27;16;
			0.999936,0.005712,-0.009773,0.000000,
			-0.006400,0.997389,-0.071933,0.000000,
			0.009336,0.071991,0.997362,0.000000,
			0.000000,10.997345,0.803058,1.000000;;,
			28;16;
			0.999904,0.010594,0.008944,0.000000,
			-0.009714,0.995596,-0.093243,0.000000,
			-0.009892,0.093147,0.995603,0.000000,
			0.000000,10.997345,0.803058,1.000000;;,
			29;16;
			0.999521,0.017044,0.025850,0.000000,
			-0.014403,0.994972,-0.099117,0.000000,
			-0.027410,0.098697,0.994740,0.000000,
			0.000000,10.997345,0.803058,1.000000;;,
			30;16;
			0.999221,0.010970,0.037898,0.000000,
			-0.007577,0.996043,-0.088553,0.000000,
			-0.038719,0.088197,0.995350,0.000000,
			0.000000,10.997345,0.803058,1.000000;;;
		}
	}
	Animation {
		{mixamorig_Spine1}
		AnimationKey {
			4;
			31;
			0;16;
			0.995709,0.068363,0.062373,0.000000,
			-0.060121,0.990259,-0.125590,0.000000,
			-0.070351,0.121302,0.990120,0.000000,
			0.000000,12.864401,0.000000,1.000000;;,
			1;16;
			0.993877,0.077625,0.078631,0.000000,
			-0.069429,0.992350,-0.102088,0.000000,
			-0.085954,0.096003,0.991663,0.000000,
			0.000000,12.864401,0.000000,1.000000;;,
			2;16;
			0.993465,0.073378,0.087421,0.000000,
			-0.066310,0.994491,-0.081186,0.000000,
			-0.092897,0.074859,0.992858,0.000000,
			0.000000,12.864401,0.000000,1.000000;;,
			3;16;
			0.994698,0.049058,0.090381,0.000000,
			-0.042673,0.996544,-0.071263,0.000000,
			-0.093565,0.067029,0.993354,0.000000,
			0.000000,12.864401,0.000000,1.000000;;,
			4;16;
			0.994874,0.044191,0.090954,0.000000,
			-0.036117,0.995414,-0.088580,0.000000,
			-0.094451,0.084841,0.991908,0.000000,
			0.000000,12.864401,0.000000,1.000000;;,
			5;16;
			0.995712,0.031322,0.087039,0.000000,
			-0.020824,0.992675,-0.119007,0.000000,
			-0.090129,0.116684,0.989071,0.000000,
			0.000000,12.864401,0.000000,1.000000;;,
			6;16;
			0.997892,0.006410,0.064574,0.000000,
			0.002537,0.990495,-0.137522,0.000000,
			-0.064842,0.137396,0.988392,0.000000,
			0.000000,12.864401,0.000000,1.000000;;,
			7;16;
			0.999457,-0.019262,0.026745,0.000000,
			0.022727,0.990454,-0.135957,0.000000,
			-0.023871,0.136491,0.990354,0.000000,
			0.000000,12.864401,0.000000,1.000000;;,
			8;16;
			0.998945,-0.038807,-0.024541,0.000000,
			0.035871,0.993231,-0.110475,0.000000,
			0.028662,0.109478,0.993576,0.000000,
			0.000000,12.864401,0.000000,1.000000;;,
			9;16;
			0.996097,-0.043480,-0.076815,0.000000,
			0.037485,0.996262,-0.077827,0.000000,
			0.079912,0.074643,0.994003,0.000000,
			0.000000,12.864401,0.000000,1.000000;;,
			10;16;
			0.997404,-0.032619,-0.064191,0.000000,
			0.028799,0.997809,-0.059571,0.000000,
			0.065994,0.057568,0.996158,0.000000,
			0.000000,12.864401,0.000000,1.000000;;,
			11;16;
			0.999119,-0.016381,-0.038628,0.000000,
			0.013660,0.997475,-0.069687,0.000000,
			0.039672,0.069098,0.996821,0.000000,
			0.000000,12.864401,0.000000,1.000000;;,
			12;16;
			0.999895,0.002876,-0.014189,0.000000,
			-0.004285,0.994948,-0.100297,0.000000,
			0.013829,0.100347,0.994856,0.000000,
			0.000000,12.864401,0.000000,1.000000;;,
			13;16;
			0.999511,0.026550,0.016490,0.000000,
			-0.024170,0.991119,-0.130762,0.000000,
			-0.019815,0.130299,0.991277,0.000000,
			0.000000,12.864401,0.000000,1.000000;;,
			14;16;
			0.997858,0.050172,0.041980,0.000000,
			-0.043857,0.989211,-0.139775,0.000000,
			-0.048540,0.137635,0.989293,0.000000,
			0.000000,12.864401,0.000000,1.000000;;,
			15;16;
			0.995709,0.068363,0.062373,0.000000,
			-0.060121,0.990259,-0.125590,0.000000,
			-0.070351,0.121302,0.990120,0.000000,
			0.000000,12.864401,0.000000,1.000000;;,
			16;16;
			0.993877,0.077625,0.078631,0.000000,
			-0.069429,0.992350,-0.102088,0.000000,
			-0.085954,0.096003,0.991663,0.000000,
			0.000000,12.864401,0.000000,1.000000;;,
			17;16;
			0.993465,0.073378,0.087421,0.000000,
			-0.066310,0.994491,-0.081186,0.000000,
			-0.092897,0.074859,0.992858,0.000000,
			0.000000,12.864401,0.000000,1.000000;;,
			18;16;
			0.994698,0.049058,0.090381,0.000000,
			-0.042673,0.996544,-0.071263,0.000000,
			-0.093565,0.067029,0.993354,0.000000,
			0.000000,12.864401,0.000000,1.000000;;,
			19;16;
			0.994874,0.044191,0.090954,0.000000,
			-0.036117,0.995414,-0.088580,0.000000,
			-0.094451,0.084841,0.991908,0.000000,
			0.000000,12.864401,0.000000,1.000000;;,
			20;16;
			0.995712,0.031322,0.087039,0.000000,
			-0.020824,0.992675,-0.119007,0.000000,
			-0.090129,0.116684,0.989071,0.000000,
			0.000000,12.864401,0.000000,1.000000;;,
			21;16;
			0.997892,0.006410,0.064574,0.000000,
			0.002537,0.990495,-0.137522,0.000000,
			-0.064842,0.137396,0.988392,0.000000,
			0.000000,12.864401,0.000000,1.000000;;,
			22;16;
			0.999457,-0.019262,0.026745,0.000000,
			0.022727,0.990454,-0.135957,0.000000,
			-0.023871,0.136491,0.990354,0.000000,
			0.000000,12.864401,0.000000,1.000000;;,
			23;16;
			0.998945,-0.038807,-0.024541,0.000000,
			0.035871,0.993231,-0.110475,0.000000,
			0.028662,0.109478,0.993576,0.000000,
			0.000000,12.864401,0.000000,1.000000;;,
			24;16;
			0.996097,-0.043480,-0.076815,0.000000,
			0.037485,0.996262,-0.077827,0.000000,
			0.079912,0.074643,0.994003,0.000000,
			0.000000,12.864401,0.000000,1.000000;;,
			25;16;
			0.997404,-0.032619,-0.064191,0.000000,
			0.028799,0.997809,-0.059571,0.000000,
			0.065994,0.057568,0.996158,0.000000,
			0.000000,12.864401,0.000000,1.000000;;,
			26;16;
			0.999119,-0.016381,-0.038628,0.000000,
			0.013660,0.997475,-0.069687,0.000000,
			0.039672,0.069098,0.996821,0.000000,
			0.000000,12.864401,0.000000,1.000000;;,
			27;16;
			0.999895,0.002876,-0.014189,0.000000,
			-0.004285,0.994948,-0.100297,0.000000,
			0.013829,0.100347,0.994856,0.000000,
			0.000000,12.864401,0.000000,1.000000;;,
			28;16;
			0.999511,0.026550,0.016490,0.000000,
			-0.024170,0.991119,-0.130762,0.000000,
			-0.019815,0.130299,0.991277,0.000000,
			0.000000,12.864401,0.000000,1.000000;;,
			29;16;
			0.997858,0.050172,0.041980,0.000000,
			-0.043857,0.989211,-0.139775,0.000000,
			-0.048540,0.137635,0.989293,0.000000,
			0.000000,12.864401,0.000000,1.000000;;,
			30;16;
			0.995709,0.068363,0.062373,0.000000,
			-0.060121,0.990259,-0.125590,0.000000,
			-0.070351,0.121302,0.990120,0.000000,
			0.000000,12.864401,0.000000,1.000000;;;
		}
	}
	Animation {
		{mixamorig_Spine2}
		AnimationKey {
			4;
			31;
			0;16;
			0.995983,0.065600,0.060938,0.000000,
			-0.057416,0.990175,-0.127500,0.000000,
			-0.068703,0.123489,0.989965,0.000000,
			0.000000,14.702159,-0.000000,1.000000;;,
			1;16;
			0.994092,0.076492,0.077006,0.000000,
			-0.068292,0.992230,-0.104003,0.000000,
			-0.084363,0.098129,0.991591,0.000000,
			0.000000,14.702159,-0.000000,1.000000;;,
			2;16;
			0.993623,0.073486,0.085510,0.000000,
			-0.066395,0.994335,-0.083008,0.000000,
			-0.091126,0.076802,0.992873,0.000000,
			0.000000,14.702159,-0.000000,1.000000;;,
			3;16;
			0.994893,0.049450,0.087994,0.000000,
			-0.042990,0.996342,-0.073851,0.000000,
			-0.091324,0.069690,0.993380,0.000000,
			0.000000,14.702159,-0.000000,1.000000;;,
			4;16;
			0.995008,0.044293,0.089426,0.000000,
			-0.036214,0.995281,-0.090019,0.000000,
			-0.092992,0.086331,0.991917,0.000000,
			0.000000,14.702159,-0.000000,1.000000;;,
			5;16;
			0.995820,0.029701,0.086370,0.000000,
			-0.019217,0.992615,-0.119773,0.000000,
			-0.089290,0.117612,0.989037,0.000000,
			0.000000,14.702159,-0.000000,1.000000;;,
			6;16;
			0.997915,0.002870,0.064478,0.000000,
			0.006037,0.990480,-0.137523,0.000000,
			-0.064259,0.137625,0.988398,0.000000,
			0.000000,14.702159,-0.000000,1.000000;;,
			7;16;
			0.999354,-0.023478,0.027225,0.000000,
			0.026950,0.990465,-0.135101,0.000000,
			-0.023793,0.135747,0.990458,0.000000,
			0.000000,14.702159,-0.000000,1.000000;;,
			8;16;
			0.998808,-0.042735,-0.023583,0.000000,
			0.039914,0.993203,-0.109334,0.000000,
			0.028095,0.108262,0.993725,0.000000,
			0.000000,14.702159,-0.000000,1.000000;;,
			9;16;
			0.996009,-0.047016,-0.075859,0.000000,
			0.041169,0.996190,-0.076880,0.000000,
			0.079185,0.073450,0.994150,0.000000,
			0.000000,14.702159,-0.000000,1.000000;;,
			10;16;
			0.997352,-0.035586,-0.063426,0.000000,
			0.031860,0.997761,-0.058809,0.000000,
			0.065377,0.056633,0.996252,0.000000,
			0.000000,14.702159,-0.000000,1.000000;;,
			11;16;
			0.999092,-0.018776,-0.038244,0.000000,
			0.016089,0.997459,-0.069402,0.000000,
			0.039450,0.068723,0.996855,0.000000,
			0.000000,14.702159,-0.000000,1.000000;;,
			12;16;
			0.999899,0.000288,-0.014189,0.000000,
			-0.001711,0.994946,-0.100392,0.000000,
			0.014088,0.100406,0.994847,0.000000,
			0.000000,14.702159,-0.000000,1.000000;;,
			13;16;
			0.999609,0.022909,0.016010,0.000000,
			-0.020609,0.991111,-0.131428,0.000000,
			-0.018878,0.131047,0.991196,0.000000,
			0.000000,14.702159,-0.000000,1.000000;;,
			14;16;
			0.998083,0.046347,0.041023,0.000000,
			-0.040130,0.989167,-0.141204,0.000000,
			-0.047123,0.139287,0.989130,0.000000,
			0.000000,14.702159,-0.000000,1.000000;;,
			15;16;
			0.995983,0.065600,0.060938,0.000000,
			-0.057416,0.990175,-0.127500,0.000000,
			-0.068703,0.123489,0.989965,0.000000,
			0.000000,14.702159,-0.000000,1.000000;;,
			16;16;
			0.994092,0.076492,0.077006,0.000000,
			-0.068292,0.992230,-0.104003,0.000000,
			-0.084363,0.098129,0.991591,0.000000,
			0.000000,14.702159,-0.000000,1.000000;;,
			17;16;
			0.993623,0.073486,0.085510,0.000000,
			-0.066395,0.994335,-0.083008,0.000000,
			-0.091126,0.076802,0.992873,0.000000,
			0.000000,14.702159,-0.000000,1.000000;;,
			18;16;
			0.994893,0.049450,0.087994,0.000000,
			-0.042990,0.996342,-0.073851,0.000000,
			-0.091324,0.069690,0.993380,0.000000,
			0.000000,14.702159,-0.000000,1.000000;;,
			19;16;
			0.995008,0.044293,0.089426,0.000000,
			-0.036214,0.995281,-0.090019,0.000000,
			-0.092992,0.086331,0.991917,0.000000,
			0.000000,14.702159,-0.000000,1.000000;;,
			20;16;
			0.995820,0.029701,0.086370,0.000000,
			-0.019217,0.992615,-0.119773,0.000000,
			-0.089290,0.117612,0.989037,0.000000,
			0.000000,14.702159,-0.000000,1.000000;;,
			21;16;
			0.997915,0.002870,0.064478,0.000000,
			0.006037,0.990480,-0.137523,0.000000,
			-0.064259,0.137625,0.988398,0.000000,
			0.000000,14.702159,-0.000000,1.000000;;,
			22;16;
			0.999354,-0.023478,0.027225,0.000000,
			0.026950,0.990465,-0.135101,0.000000,
			-0.023793,0.135747,0.990458,0.000000,
			0.000000,14.702159,-0.000000,1.000000;;,
			23;16;
			0.998808,-0.042735,-0.023583,0.000000,
			0.039914,0.993203,-0.109334,0.000000,
			0.028095,0.108262,0.993725,0.000000,
			0.000000,14.702159,-0.000000,1.000000;;,
			24;16;
			0.996009,-0.047016,-0.075859,0.000000,
			0.041169,0.996190,-0.076880,0.000000,
			0.079185,0.073450,0.994150,0.000000,
			0.000000,14.702159,-0.000000,1.000000;;,
			25;16;
			0.997352,-0.035586,-0.063426,0.000000,
			0.031860,0.997761,-0.058809,0.000000,
			0.065377,0.056633,0.996252,0.000000,
			0.000000,14.702159,-0.000000,1.000000;;,
			26;16;
			0.999092,-0.018776,-0.038244,0.000000,
			0.016089,0.997459,-0.069402,0.000000,
			0.039450,0.068723,0.996855,0.000000,
			0.000000,14.702159,-0.000000,1.000000;;,
			27;16;
			0.999899,0.000288,-0.014189,0.000000,
			-0.001711,0.994946,-0.100392,0.000000,
			0.014088,0.100406,0.994847,0.000000,
			0.000000,14.702159,-0.000000,1.000000;;,
