xof 0303txt 0032
Frame Ch44 {
	FrameTransformMatrix {
		1.000000,0.000000,0.000000,0.000000,
		0.000000,1.000000,0.000000,0.000000,
		0.000000,0.000000,1.000000,0.000000,
		0.000000,0.000000,0.000000,1.000000;;
	}
}
Frame mixamorig_Hips {
	FrameTransformMatrix {
		1.000000,0.000000,0.000000,0.000000,
		0.000000,1.000000,0.000000,0.000000,
		0.000000,0.000000,1.000000,0.000000,
		0.000000,103.266609,-1.469107,1.000000;;
	}
	Frame mixamorig_Spine {
		FrameTransformMatrix {
			1.000000,0.000000,0.000000,0.000000,
			0.000000,0.997344,0.072829,0.000000,
			0.000000,-0.072829,0.997344,0.000000,
			0.000000,10.997345,0.803058,1.000000;;
		}
		Frame mixamorig_Spine1 {
			FrameTransformMatrix {
				1.000000,0.000000,0.000000,0.000000,
				0.000000,1.000000,0.000000,0.000000,
				0.000000,-0.000000,1.000000,0.000000,
				0.000000,12.864401,0.000000,1.000000;;
			}
			Frame mixamorig_Spine2 {
				FrameTransformMatrix {
					1.000000,0.000000,0.000000,0.000000,
					0.000000,1.000000,0.000000,0.000000,
					0.000000,0.000000,1.000000,0.000000,
					0.000000,14.702159,-0.000000,1.000000;;
				}
				Frame mixamorig_Neck {
					FrameTransformMatrix {
						1.000000,0.000000,0.000000,0.000000,
						0.000000,0.997344,-0.072829,0.000000,
						0.000000,0.072829,0.997344,0.000000,
						0.000000,16.539940,-0.000002,1.000000;;
					}
					Frame mixamorig_Head {
						FrameTransformMatrix {
							1.000000,0.000000,0.000000,0.000000,
							0.000000,1.000000,0.000000,0.000000,
							0.000000,0.000000,1.000000,0.000000,
							0.000000,6.188477,-2.321620,1.000000;;
						}
						Frame mixamorig_HeadTop_End {
							FrameTransformMatrix {
								1.000000,0.000000,0.000000,0.000000,
								0.000000,1.000000,0.000000,0.000000,
								0.000000,0.000000,1.000000,0.000000,
								0.000000,23.717819,-8.897791,1.000000;;
							}
						}
					}
				}
				Frame mixamorig_LeftShoulder {
					FrameTransformMatrix {
						-0.015629,0.000026,0.999878,0.000000,
						0.965663,-0.259358,0.015101,0.000000,
						0.259327,0.965781,0.004028,0.000000,
						7.985327,14.403621,0.124439,1.000000;;
					}
					Frame mixamorig_LeftArm {
						FrameTransformMatrix {
							0.997591,-0.069377,0.000000,0.000000,
							0.068756,0.988660,0.133504,0.000000,
							-0.009262,-0.133183,0.991048,0.000000,
							0.000000,16.443417,-0.000000,1.000000;;
						}
						Frame mixamorig_LeftForeArm {
							FrameTransformMatrix {
								0.973581,0.228340,0.000000,0.000000,
								-0.227190,0.968679,0.100224,0.000000,
								0.022885,-0.097576,0.994965,0.000000,
								0.000000,20.702911,-0.000000,1.000000;;
							}
							Frame mixamorig_LeftHand {
								FrameTransformMatrix {
									0.972875,0.064872,-0.222050,0.000000,
									-0.112243,0.971690,-0.207893,0.000000,
									0.202277,0.227177,0.952615,0.000000,
									-0.000000,28.480791,-0.000000,1.000000;;
								}
								Frame mixamorig_LeftHandThumb1 {
									FrameTransformMatrix {
										0.781580,0.623805,-0.000000,0.000000,
										-0.593986,0.744218,-0.305484,0.000000,
										-0.190562,0.238760,0.952197,0.000000,
										-2.770290,3.260447,-1.371969,1.000000;;
									}
									Frame mixamorig_LeftHandThumb2 {
										FrameTransformMatrix {
											1.000000,0.000000,0.000000,0.000000,
											0.000000,0.989067,-0.147469,0.000000,
											-0.000000,0.147469,0.989067,0.000000,
											-0.105061,3.592884,0.000000,1.000000;;
										}
										Frame mixamorig_LeftHandThumb3 {
											FrameTransformMatrix {
												1.000000,0.000000,-0.000000,0.000000,
												-0.000000,0.998617,-0.052569,0.000000,
												0.000000,0.052569,0.998617,0.000000,
												-0.033138,3.493665,0.000000,1.000000;;
											}
											Frame mixamorig_LeftHandThumb4 {
												FrameTransformMatrix {
													1.000000,0.000000,0.000000,0.000000,
													0.000000,1.000000,-0.000000,0.000000,
													-0.000000,0.000000,1.000000,0.000000,
													0.138198,2.622627,-0.000000,1.000000;;
												}
											}
										}
									}
								}
								Frame mixamorig_LeftHandIndex1 {
									FrameTransformMatrix {
										0.975732,0.218968,0.000000,0.000000,
										-0.218358,0.973014,-0.074591,0.000000,
										-0.016333,0.072780,0.997214,0.000000,
										-3.258903,10.756469,-0.003820,1.000000;;
									}
									Frame mixamorig_LeftHandIndex2 {
										FrameTransformMatrix {
											1.000000,0.000000,0.000000,0.000000,
											0.000000,0.949059,-0.315097,0.000000,
											0.000000,0.315097,0.949059,0.000000,
											0.109371,2.853128,-0.000000,1.000000;;
										}
										Frame mixamorig_LeftHandIndex3 {
											FrameTransformMatrix {
												1.000000,-0.000000,0.000000,0.000000,
												0.000000,0.999972,0.007531,0.000000,
												-0.000000,-0.007531,0.999972,0.000000,
												-0.061237,2.685963,-0.000000,1.000000;;
											}
											Frame mixamorig_LeftHandIndex4 {
												FrameTransformMatrix {
													1.000000,0.000000,-0.000000,0.000000,
													0.000000,1.000000,0.000000,0.000000,
													0.000000,-0.000000,1.000000,0.000000,
													-0.048135,2.249833,0.000000,1.000000;;
												}
											}
										}
									}
								}
								Frame mixamorig_LeftHandMiddle1 {
									FrameTransformMatrix {
										0.999615,-0.027734,0.000000,0.000000,
										0.027726,0.999345,-0.023271,0.000000,
										0.000645,0.023262,0.999729,0.000000,
										-1.104982,11.061543,0.178979,1.000000;;
									}
									Frame mixamorig_LeftHandMiddle2 {
										FrameTransformMatrix {
											1.000000,-0.000000,0.000000,0.000000,
											0.000000,0.908301,-0.418317,0.000000,
											-0.000000,0.418317,0.908301,0.000000,
											0.088648,3.112893,-0.000000,1.000000;;
										}
										Frame mixamorig_LeftHandMiddle3 {
											FrameTransformMatrix {
												1.000000,0.000000,0.000000,0.000000,
												0.000000,0.997395,-0.072133,0.000000,
												0.000000,0.072133,0.997395,0.000000,
												-0.039374,3.016294,0.000000,1.000000;;
											}
											Frame mixamorig_LeftHandMiddle4 {
												FrameTransformMatrix {
													1.000000,-0.000000,0.000000,0.000000,
													0.000000,1.000000,-0.000000,0.000000,
													-0.000000,0.000000,1.000000,0.000000,
													-0.049274,2.467938,-0.000000,1.000000;;
												}
											}
										}
									}
								}
								Frame mixamorig_LeftHandRing1 {
									FrameTransformMatrix {
										0.989613,-0.143755,-0.000000,0.000000,
										0.142955,0.984103,-0.105385,0.000000,
										0.015150,0.104291,0.994431,0.000000,
										1.260879,10.768150,0.117530,1.000000;;
									}
									Frame mixamorig_LeftHandRing2 {
										FrameTransformMatrix {
											1.000000,0.000000,0.000000,0.000000,
											0.000000,0.958275,-0.285846,0.000000,
											-0.000000,0.285846,0.958275,0.000000,
											0.039008,2.933240,-0.000000,1.000000;;
										}
										Frame mixamorig_LeftHandRing3 {
											FrameTransformMatrix {
												1.000000,0.000000,0.000000,0.000000,
												-0.000000,0.970306,-0.241881,0.000000,
												-0.000000,0.241881,0.970306,0.000000,
												-0.003802,2.869819,0.000000,1.000000;;
											}
											Frame mixamorig_LeftHandRing4 {
												FrameTransformMatrix {
													1.000000,-0.000000,0.000000,0.000000,
													0.000000,1.000000,0.000000,0.000000,
													-0.000000,-0.000000,1.000000,0.000000,
													-0.035205,2.582460,0.000000,1.000000;;
												}
											}
										}
									}
								}
								Frame mixamorig_LeftHandPinky1 {
									FrameTransformMatrix {
										0.923757,-0.382980,-0.000000,0.000000,
										0.371070,0.895028,-0.247451,0.000000,
										0.094769,0.228585,0.968900,0.000000,
										3.103006,9.804624,0.256461,1.000000;;
									}
									Frame mixamorig_LeftHandPinky2 {
										FrameTransformMatrix {
											1.000000,-0.000000,0.000000,0.000000,
											0.000000,0.953661,-0.300883,0.000000,
											0.000000,0.300883,0.953661,0.000000,
											-0.028648,2.793061,-0.000000,1.000000;;
										}
										Frame mixamorig_LeftHandPinky3 {
											FrameTransformMatrix {
												1.000000,-0.000000,0.000000,0.000000,
												0.000000,0.980726,-0.195386,0.000000,
												-0.000000,0.195386,0.980726,0.000000,
												0.003506,2.307577,-0.000000,1.000000;;
											}
											Frame mixamorig_LeftHandPinky4 {
												FrameTransformMatrix {
													1.000000,-0.000000,0.000000,0.000000,
													0.000000,1.000000,-0.000000,0.000000,
													-0.000000,0.000000,1.000000,0.000000,
													0.025142,2.027596,-0.000000,1.000000;;
												}
											}
										}
									}
								}
							}
						}
					}
				}
				Frame mixamorig_RightShoulder {
					FrameTransformMatrix {
						-0.023526,-0.000048,-0.999723,0.000000,
						-0.965663,-0.258801,0.022737,0.000000,
						-0.258730,0.965931,0.006042,0.000000,
						-7.985327,14.408205,0.187225,1.000000;;
					}
					Frame mixamorig_RightArm {
						FrameTransformMatrix {
							0.998693,0.051120,-0.000000,0.000000,
							-0.050671,0.989904,0.132371,0.000000,
							0.006767,-0.132198,0.991200,0.000000,
							0.000000,16.443417,-0.000000,1.000000;;
						}
						Frame mixamorig_RightForeArm {
							FrameTransformMatrix {
								0.975661,-0.219282,-0.000000,0.000000,
								0.218182,0.970764,0.100070,0.000000,
								-0.021944,-0.097635,0.994980,0.000000,
								-0.000000,20.688032,-0.000000,1.000000;;
							}
							Frame mixamorig_RightHand {
								FrameTransformMatrix {
									0.974043,-0.050031,0.220765,0.000000,
									0.097225,0.973196,-0.208415,0.000000,
									-0.204420,0.224469,0.952799,0.000000,
									-0.000000,28.483500,-0.000000,1.000000;;
								}
								Frame mixamorig_RightHandThumb1 {
									FrameTransformMatrix {
										0.765509,-0.643426,0.000000,0.000000,
										0.613035,0.729352,-0.303698,0.000000,
										0.195407,0.232484,0.952768,0.000000,
										2.698716,3.058632,-1.299813,1.000000;;
									}
									Frame mixamorig_RightHandThumb2 {
										FrameTransformMatrix {
											1.000000,-0.000000,-0.000000,0.000000,
											0.000000,0.987204,-0.159463,0.000000,
											0.000000,0.159463,0.987204,0.000000,
											0.078305,3.423988,0.000000,1.000000;;
										}
										Frame mixamorig_RightHandThumb3 {
											FrameTransformMatrix {
												1.000000,0.000000,-0.000000,0.000000,
												-0.000000,0.999012,-0.044446,0.000000,
												0.000000,0.044446,0.999012,0.000000,
												-0.053042,3.564641,-0.000000,1.000000;;
											}
											Frame mixamorig_RightHandThumb4 {
												FrameTransformMatrix {
													1.000000,-0.000000,0.000000,0.000000,
													0.000000,1.000000,-0.000000,0.000000,
													0.000000,0.000000,1.000000,0.000000,
													-0.025264,3.087018,-0.000000,1.000000;;
												}
											}
										}
									}
								}
								Frame mixamorig_RightHandIndex1 {
									FrameTransformMatrix {
										0.978087,-0.208195,0.000000,0.000000,
										0.206884,0.971927,-0.112062,0.000000,
										0.023331,0.109607,0.993701,0.000000,
										3.329366,10.756874,0.008224,1.000000;;
									}
									Frame mixamorig_RightHandIndex2 {
										FrameTransformMatrix {
											1.000000,-0.000000,0.000000,0.000000,
											0.000000,0.959553,-0.281529,0.000000,
											0.000000,0.281529,0.959553,0.000000,
											-0.077823,2.776619,0.000000,1.000000;;
										}
										Frame mixamorig_RightHandIndex3 {
											FrameTransformMatrix {
												1.000000,0.000000,0.000000,0.000000,
												-0.000000,0.997985,0.063452,0.000000,
												-0.000000,-0.063452,0.997985,0.000000,
												0.057177,2.737660,-0.000000,1.000000;;
											}
											Frame mixamorig_RightHandIndex4 {
												FrameTransformMatrix {
													1.000000,0.000000,0.000000,0.000000,
													-0.000000,1.000000,0.000000,0.000000,
													-0.000000,-0.000000,1.000000,0.000000,
													0.020645,2.185542,0.000000,1.000000;;
												}
											}
										}
									}
								}
								Frame mixamorig_RightHandMiddle1 {
									FrameTransformMatrix {
										0.999995,-0.003233,-0.000000,0.000000,
										0.003224,0.997271,-0.073758,0.000000,
										0.000238,0.073758,0.997276,0.000000,
										1.147194,11.013397,0.263927,1.000000;;
									}
									Frame mixamorig_RightHandMiddle2 {
										FrameTransformMatrix {
											1.000000,-0.000000,0.000000,0.000000,
											0.000000,0.929103,-0.369821,0.000000,
											-0.000000,0.369821,0.929103,0.000000,
											-0.085029,3.240009,0.000000,1.000000;;
										}
										Frame mixamorig_RightHandMiddle3 {
											FrameTransformMatrix {
												1.000000,0.000000,0.000000,0.000000,
												0.000000,0.989832,-0.142239,0.000000,
												0.000000,0.142239,0.989832,0.000000,
												0.027768,3.001971,0.000000,1.000000;;
											}
											Frame mixamorig_RightHandMiddle4 {
												FrameTransformMatrix {
													1.000000,-0.000000,0.000000,0.000000,
													0.000000,1.000000,-0.000000,0.000000,
													-0.000000,0.000000,1.000000,0.000000,
													0.057261,2.538451,-0.000000,1.000000;;
												}
											}
										}
									}
								}
								Frame mixamorig_RightHandRing1 {
									FrameTransformMatrix {
										0.994430,0.105395,-0.000000,0.000000,
										-0.104525,0.986228,-0.128177,0.000000,
										-0.013509,0.127463,0.991751,0.000000,
										-1.318436,11.095921,0.178815,1.000000;;
									}
									Frame mixamorig_RightHandRing2 {
										FrameTransformMatrix {
											1.000000,0.000000,0.000000,0.000000,
											0.000000,0.949020,-0.315216,0.000000,
											0.000000,0.315216,0.949020,0.000000,
											-0.037767,2.875236,-0.000000,1.000000;;
										}
										Frame mixamorig_RightHandRing3 {
											FrameTransformMatrix {
												1.000000,0.000000,-0.000000,0.000000,
												-0.000000,0.984593,-0.174859,0.000000,
												0.000000,0.174859,0.984593,0.000000,
												0.008583,2.694868,-0.000000,1.000000;;
											}
											Frame mixamorig_RightHandRing4 {
												FrameTransformMatrix {
													1.000000,-0.000000,0.000000,0.000000,
													0.000000,1.000000,0.000000,0.000000,
													-0.000000,-0.000000,1.000000,0.000000,
													0.029184,2.360416,-0.000000,1.000000;;
												}
											}
										}
									}
								}
								Frame mixamorig_RightHandPinky1 {
									FrameTransformMatrix {
										0.950507,0.310705,-0.000000,0.000000,
										-0.304759,0.932319,-0.194688,0.000000,
										-0.060490,0.185052,0.980865,0.000000,
										-3.158124,9.809884,0.152362,1.000000;;
									}
									Frame mixamorig_RightHandPinky2 {
										FrameTransformMatrix {
											1.000000,-0.000000,0.000000,0.000000,
											0.000000,0.919506,-0.393077,0.000000,
											0.000000,0.393077,0.919506,0.000000,
											0.016399,2.855931,-0.000000,1.000000;;
										}
										Frame mixamorig_RightHandPinky3 {
											FrameTransformMatrix {
												1.000000,-0.000000,0.000000,0.000000,
												0.000000,0.974769,-0.223216,0.000000,
												-0.000000,0.223216,0.974769,0.000000,
												-0.005530,2.304318,-0.000000,1.000000;;
											}
											Frame mixamorig_RightHandPinky4 {
												FrameTransformMatrix {
													1.000000,-0.000000,0.000000,0.000000,
													0.000000,1.000000,0.000000,0.000000,
													-0.000000,-0.000000,1.000000,0.000000,
													-0.010869,1.994622,-0.000000,1.000000;;
												}
											}
										}
									}
								}
							}
						}
					}
				}
			}
		}
	}
	Frame mixamorig_LeftUpLeg {
		FrameTransformMatrix {
			-0.994837,-0.101308,0.006047,0.000000,
			0.101488,-0.993069,0.059281,0.000000,
			0.000000,0.059588,0.998223,0.000000,
			9.640739,-6.119278,-0.586611,1.000000;;
		}
		Frame mixamorig_LeftLeg {
			FrameTransformMatrix {
				0.999911,0.013370,-0.000000,0.000000,
				-0.013348,0.998315,0.056467,0.000000,
				0.000755,-0.056462,0.998404,0.000000,
				0.000000,45.053291,-0.000000,1.000000;;
			}
			Frame mixamorig_LeftFoot {
				FrameTransformMatrix {
					0.976062,-0.000000,-0.217492,0.000000,
					-0.189754,0.488677,-0.851580,0.000000,
					0.106283,0.872465,0.476979,0.000000,
					0.000000,42.823772,-0.000000,1.000000;;
				}
				Frame mixamorig_LeftToeBase {
					FrameTransformMatrix {
						0.995585,0.000000,-0.093863,0.000000,
						-0.051165,0.838369,-0.542697,0.000000,
						0.078692,0.545103,0.834667,0.000000,
						0.000000,16.588381,0.000000,1.000000;;
					}
					Frame mixamorig_LeftToe_End {
						FrameTransformMatrix {
							1.000000,0.000000,-0.000000,0.000000,
							-0.000000,1.000000,-0.000000,0.000000,
							0.000000,0.000000,1.000000,0.000000,
							-0.000000,6.714916,0.000000,1.000000;;
						}
					}
				}
			}
		}
	}
	Frame mixamorig_RightUpLeg {
		FrameTransformMatrix {
			-0.994833,0.101387,-0.005333,0.000000,
			-0.101528,-0.993459,0.052260,0.000000,
			-0.000000,0.052531,0.998619,0.000000,
			-9.640739,-6.119278,-0.358860,1.000000;;
		}
		Frame mixamorig_RightLeg {
			FrameTransformMatrix {
				0.999911,-0.013365,0.000000,0.000000,
				0.013336,0.997752,0.065681,0.000000,
				-0.000878,-0.065675,0.997841,0.000000,
				-0.000000,45.035599,0.000000,1.000000;;
			}
			Frame mixamorig_RightFoot {
				FrameTransformMatrix {
					0.976864,0.000000,0.213861,0.000000,
					0.187468,0.481234,-0.856311,0.000000,
					-0.102917,0.876592,0.470100,0.000000,
					-0.000000,42.834618,-0.000000,1.000000;;
				}
				Frame mixamorig_RightToeBase {
					FrameTransformMatrix {
						0.994956,0.000000,0.100310,0.000000,
						0.054161,0.841704,-0.537215,0.000000,
						-0.084431,0.539939,0.837459,0.000000,
						-0.000000,16.735941,0.000000,1.000000;;
					}
					Frame mixamorig_RightToe_End {
						FrameTransformMatrix {
							1.000000,0.000000,0.000000,0.000000,
							-0.000000,1.000000,0.000000,0.000000,
							-0.000000,-0.000000,1.000000,0.000000,
							-0.000000,6.713154,-0.000000,1.000000;;
						}
					}
				}
			}
		}
	}
}
AnimationSet WalkReload {
	Animation {
		{mixamorig_Hips}
		AnimationKey {
			4;
			111;
			0;16;
			0.970212,-0.044960,-0.238048,0.000000,
			0.004677,0.985921,-0.167148,0.000000,
			0.242211,0.161056,0.956763,0.000000,
			0.230066,85.673302,1.053595,1.000000;;,
			1;16;
			0.972938,-0.025471,-0.229659,0.000000,
			-0.014150,0.985473,-0.169241,0.000000,
			0.230633,0.167911,0.958444,0.000000,
			0.262589,86.321754,1.612553,1.000000;;,
			2;16;
			0.977858,-0.006281,-0.209174,0.000000,
			-0.030583,0.984528,-0.172535,0.000000,
			0.207022,0.175112,0.962537,0.000000,
			0.290372,87.952484,1.779835,1.000000;;,
			3;16;
			0.983567,0.010939,-0.180212,0.000000,
			-0.043027,0.983605,-0.175127,0.000000,
			0.175341,0.180003,0.967912,0.000000,
			0.306717,90.106491,1.240906,1.000000;;,
			4;16;
			0.986044,0.013330,-0.165953,0.000000,
			-0.041224,0.985298,-0.165796,0.000000,
			0.161303,0.170323,0.972096,0.000000,
			0.354690,92.034676,0.122864,1.000000;;,
			5;16;
			0.984998,-0.000377,-0.172568,0.000000,
			-0.025286,0.988889,-0.146490,0.000000,
			0.170705,0.148656,0.974044,0.000000,
			0.436501,91.820152,-1.368491,1.000000;;,
			6;16;
			0.988108,-0.005779,-0.153650,0.000000,
			-0.015206,0.990722,-0.135048,0.000000,
			0.153005,0.135778,0.978853,0.000000,
			0.409818,89.700325,-2.279763,1.000000;;,
			7;16;
			0.994758,0.006962,-0.102024,0.000000,
			-0.018924,0.992981,-0.116753,0.000000,
			0.100495,0.118072,0.987907,0.000000,
			0.465587,87.193558,-2.592025,1.000000;;,
			8;16;
			0.995380,0.036853,-0.088663,0.000000,
			-0.044977,0.994793,-0.091452,0.000000,
			0.084831,0.095017,0.991855,0.000000,
			0.784483,86.162888,-2.182878,1.000000;;,
			9;16;
			0.990859,0.046869,-0.126501,0.000000,
			-0.057529,0.994972,-0.081980,0.000000,
			0.122023,0.088509,0.988573,0.000000,
			0.991972,84.849945,-2.557008,1.000000;;,
			10;16;
			0.989373,0.039956,-0.139804,0.000000,
			-0.053292,0.994240,-0.092991,0.000000,
			0.135283,0.099453,0.985803,0.000000,
			1.082589,84.360664,-3.155205,1.000000;;,
			11;16;
			0.992700,0.012754,-0.119936,0.000000,
			-0.024925,0.994622,-0.100530,0.000000,
			0.118009,0.102785,0.987679,0.000000,
			1.039260,84.943665,-3.623030,1.000000;;,
			12;16;
			0.994789,-0.020699,-0.099830,0.000000,
			0.007951,0.991943,-0.126437,0.000000,
			0.101643,0.124984,0.986939,0.000000,
			0.789352,86.308167,-2.989317,1.000000;;,
			13;16;
			0.994195,-0.047026,-0.096777,0.000000,
			0.031311,0.986955,-0.157924,0.000000,
			0.102941,0.153977,0.982697,0.000000,
			0.821263,88.743217,-1.961745,1.000000;;,
			14;16;
			0.991038,-0.067660,-0.115176,0.000000,
			0.045894,0.982208,-0.182102,0.000000,
			0.125448,0.175185,0.976511,0.000000,
			1.128422,91.876678,-0.884767,1.000000;;,
			15;16;
			0.988789,-0.056562,-0.138190,0.000000,
			0.028774,0.980309,-0.195360,0.000000,
			0.146519,0.189193,0.970947,0.000000,
			1.480928,94.150185,-0.952523,1.000000;;,
			16;16;
			0.987827,-0.027093,-0.153176,0.000000,
			-0.003430,0.980683,-0.195575,0.000000,
			0.155516,0.193720,0.968652,0.000000,
			1.674726,94.768814,-1.933960,1.000000;;,
			17;16;
			0.986589,-0.012581,-0.162738,0.000000,
			-0.019753,0.980495,-0.195550,0.000000,
			0.162024,0.196142,0.967097,0.000000,
			1.711267,93.665619,-2.181135,1.000000;;,
			18;16;
			0.985258,-0.012941,-0.170584,0.000000,
			-0.020248,0.981304,-0.191397,0.000000,
			0.169872,0.192029,0.966576,0.000000,
			1.204025,91.609299,-2.032756,1.000000;;,
			19;16;
			0.979479,-0.037110,-0.198098,0.000000,
			0.000079,0.982972,-0.183753,0.000000,
			0.201544,0.179966,0.962804,0.000000,
			0.831985,89.782944,-1.133567,1.000000;;,
			20;16;
			0.968599,-0.053544,-0.242794,0.000000,
			0.014461,0.987015,-0.159978,0.000000,
			0.248207,0.151444,0.956796,0.000000,
			0.703017,88.017700,0.030280,1.000000;;,
			21;16;
			0.966782,-0.046473,-0.251341,0.000000,
			0.007670,0.988164,-0.153209,0.000000,
			0.255486,0.146192,0.955696,0.000000,
			0.428834,86.355453,0.554059,1.000000;;,
			22;16;
			0.970185,-0.045052,-0.238141,0.000000,
			0.004755,0.985921,-0.167144,0.000000,
			0.242318,0.161028,0.956740,0.000000,
			0.198876,85.676056,1.179754,1.000000;;,
			23;16;
			0.972938,-0.025471,-0.229659,0.000000,
			-0.014150,0.985473,-0.169241,0.000000,
			0.230633,0.167911,0.958444,0.000000,
			0.229893,86.321739,1.612559,1.000000;;,
			24;16;
			0.977858,-0.006281,-0.209174,0.000000,
			-0.030583,0.984528,-0.172535,0.000000,
			0.207022,0.175112,0.962537,0.000000,
			0.257675,87.952492,1.779835,1.000000;;,
			25;16;
			0.983567,0.010939,-0.180212,0.000000,
			-0.043027,0.983605,-0.175127,0.000000,
			0.175341,0.180003,0.967912,0.000000,
			0.274022,90.106491,1.240896,1.000000;;,
			26;16;
			0.986044,0.013330,-0.165953,0.000000,
			-0.041224,0.985298,-0.165796,0.000000,
			0.161303,0.170323,0.972096,0.000000,
			0.321996,92.034660,0.122871,1.000000;;,
			27;16;
			0.984998,-0.000377,-0.172568,0.000000,
			-0.025286,0.988889,-0.146490,0.000000,
			0.170705,0.148656,0.974044,0.000000,
			0.403810,91.820175,-1.368478,1.000000;;,
			28;16;
			0.988108,-0.005779,-0.153650,0.000000,
			-0.015206,0.990722,-0.135048,0.000000,
			0.153005,0.135778,0.978853,0.000000,
			0.377127,89.700317,-2.279768,1.000000;;,
			29;16;
			0.994758,0.006962,-0.102024,0.000000,
			-0.018924,0.992981,-0.116753,0.000000,
			0.100495,0.118072,0.987907,0.000000,
			0.432890,87.193542,-2.591965,1.000000;;,
			30;16;
			0.995380,0.036853,-0.088663,0.000000,
			-0.044977,0.994793,-0.091452,0.000000,
			0.084831,0.095017,0.991855,0.000000,
			0.751788,86.162888,-2.182853,1.000000;;,
			31;16;
			0.990859,0.046869,-0.126501,0.000000,
			-0.057529,0.994972,-0.081980,0.000000,
			0.122023,0.088509,0.988573,0.000000,
			0.959277,84.849930,-2.556979,1.000000;;,
			32;16;
			0.989373,0.039956,-0.139804,0.000000,
			-0.053292,0.994240,-0.092991,0.000000,
			0.135283,0.099453,0.985803,0.000000,
			1.049894,84.360672,-3.155182,1.000000;;,
			33;16;
			0.992700,0.012754,-0.119936,0.000000,
			-0.024925,0.994622,-0.100530,0.000000,
			0.118009,0.102785,0.987679,0.000000,
			1.006565,84.943665,-3.623013,1.000000;;,
			34;16;
			0.994789,-0.020699,-0.099830,0.000000,
			0.007951,0.991943,-0.126437,0.000000,
			0.101643,0.124984,0.986939,0.000000,
			0.756656,86.308167,-2.989308,1.000000;;,
			35;16;
			0.994195,-0.047026,-0.096777,0.000000,
			0.031311,0.986955,-0.157924,0.000000,
			0.102941,0.153977,0.982697,0.000000,
			0.788566,88.743195,-1.961727,1.000000;;,
			36;16;
			0.991038,-0.067660,-0.115176,0.000000,
			0.045894,0.982208,-0.182102,0.000000,
			0.125448,0.175185,0.976511,0.000000,
			1.095726,91.876678,-0.884721,1.000000;;,
			37;16;
			0.988789,-0.056562,-0.138190,0.000000,
			0.028774,0.980309,-0.195360,0.000000,
			0.146519,0.189193,0.970947,0.000000,
			1.448231,94.150185,-0.952503,1.000000;;,
			38;16;
			0.987827,-0.027093,-0.153176,0.000000,
			-0.003430,0.980683,-0.195575,0.000000,
			0.155516,0.193720,0.968652,0.000000,
			1.642028,94.768799,-1.933901,1.000000;;,
			39;16;
			0.986589,-0.012581,-0.162738,0.000000,
			-0.019753,0.980495,-0.195550,0.000000,
			0.162024,0.196142,0.967097,0.000000,
			1.678570,93.665619,-2.181108,1.000000;;,
			40;16;
			0.985258,-0.012941,-0.170584,0.000000,
			-0.020248,0.981304,-0.191397,0.000000,
			0.169872,0.192029,0.966576,0.000000,
			1.171328,91.609299,-2.032733,1.000000;;,
			41;16;
			0.979479,-0.037110,-0.198098,0.000000,
			0.000079,0.982972,-0.183753,0.000000,
			0.201544,0.179966,0.962804,0.000000,
			0.799290,89.782974,-1.133523,1.000000;;,
			42;16;
			0.968599,-0.053544,-0.242794,0.000000,
			0.014461,0.987015,-0.159978,0.000000,
			0.248207,0.151444,0.956796,0.000000,
			0.670321,88.017693,0.030300,1.000000;;,
			43;16;
			0.966782,-0.046473,-0.251341,0.000000,
			0.007670,0.988164,-0.153209,0.000000,
			0.255486,0.146192,0.955696,0.000000,
			0.396139,86.355469,0.554082,1.000000;;,
			44;16;
			0.970185,-0.045052,-0.238141,0.000000,
			0.004755,0.985921,-0.167144,0.000000,
			0.242318,0.161028,0.956740,0.000000,
			0.166175,85.676056,1.179793,1.000000;;,
			45;16;
			0.972938,-0.025471,-0.229659,0.000000,
			-0.014150,0.985473,-0.169241,0.000000,
			0.230633,0.167911,0.958444,0.000000,
			0.197196,86.321747,1.612583,1.000000;;,
			46;16;
			0.977858,-0.006281,-0.209174,0.000000,
			-0.030583,0.984528,-0.172535,0.000000,
			0.207022,0.175112,0.962537,0.000000,
			0.224978,87.952477,1.779859,1.000000;;,
			47;16;
			0.983567,0.010939,-0.180212,0.000000,
			-0.043027,0.983605,-0.175127,0.000000,
			0.175341,0.180003,0.967912,0.000000,
			0.241331,90.106499,1.240919,1.000000;;,
			48;16;
			0.986044,0.013330,-0.165953,0.000000,
			-0.041224,0.985298,-0.165796,0.000000,
			0.161303,0.170323,0.972096,0.000000,
			0.289300,92.034668,0.122876,1.000000;;,
			49;16;
			0.984998,-0.000377,-0.172568,0.000000,
			-0.025286,0.988889,-0.146490,0.000000,
			0.170705,0.148656,0.974044,0.000000,
			0.371111,91.820160,-1.368425,1.000000;;,
			50;16;
			0.988108,-0.005779,-0.153650,0.000000,
			-0.015206,0.990722,-0.135048,0.000000,
			0.153005,0.135778,0.978853,0.000000,
			0.344428,89.700325,-2.279755,1.000000;;,
			51;16;
			0.994758,0.006962,-0.102024,0.000000,
			-0.018924,0.992981,-0.116753,0.000000,
			0.100495,0.118072,0.987907,0.000000,
			0.400193,87.193558,-2.592013,1.000000;;,
			52;16;
			0.995380,0.036853,-0.088663,0.000000,
			-0.044977,0.994793,-0.091452,0.000000,
			0.084831,0.095017,0.991855,0.000000,
			0.719093,86.162888,-2.182877,1.000000;;,
			53;16;
			0.990859,0.046869,-0.126501,0.000000,
			-0.057529,0.994972,-0.081980,0.000000,
			0.122023,0.088509,0.988573,0.000000,
			0.926581,84.849945,-2.557003,1.000000;;,
			54;16;
			0.989373,0.039956,-0.139804,0.000000,
			-0.053292,0.994240,-0.092991,0.000000,
			0.135283,0.099453,0.985803,0.000000,
			1.017198,84.360672,-3.155209,1.000000;;,
			55;16;
			0.992700,0.012754,-0.119936,0.000000,
			-0.024925,0.994622,-0.100530,0.000000,
			0.118009,0.102785,0.987679,0.000000,
			0.973870,84.943657,-3.623032,1.000000;;,
			56;16;
			0.994789,-0.020699,-0.099830,0.000000,
			0.007951,0.991943,-0.126437,0.000000,
			0.101643,0.124984,0.986939,0.000000,
			0.723958,86.308167,-2.989329,1.000000;;,
			57;16;
			0.994195,-0.047026,-0.096777,0.000000,
			0.031311,0.986955,-0.157924,0.000000,
			0.102941,0.153977,0.982697,0.000000,
			0.755870,88.743195,-1.961752,1.000000;;,
			58;16;
			0.991038,-0.067660,-0.115176,0.000000,
			0.045894,0.982208,-0.182102,0.000000,
			0.125448,0.175185,0.976511,0.000000,
			1.063031,91.876678,-0.884790,1.000000;;,
			59;16;
			0.988789,-0.056562,-0.138190,0.000000,
			0.028774,0.980309,-0.195360,0.000000,
			0.146519,0.189193,0.970947,0.000000,
			1.415535,94.150185,-0.952529,1.000000;;,
			60;16;
			0.987827,-0.027093,-0.153176,0.000000,
			-0.003430,0.980683,-0.195575,0.000000,
			0.155516,0.193720,0.968652,0.000000,
			1.609333,94.768814,-1.933939,1.000000;;,
			61;16;
			0.986589,-0.012581,-0.162738,0.000000,
			-0.019753,0.980495,-0.195550,0.000000,
			0.162024,0.196142,0.967097,0.000000,
			1.645875,93.665634,-2.181111,1.000000;;,
			62;16;
			0.985258,-0.012941,-0.170584,0.000000,
			-0.020248,0.981304,-0.191397,0.000000,
			0.169872,0.192029,0.966576,0.000000,
			1.138632,91.609314,-2.032765,1.000000;;,
			63;16;
			0.979479,-0.037110,-0.198098,0.000000,
			0.000079,0.982972,-0.183753,0.000000,
			0.201544,0.179966,0.962804,0.000000,
			0.766594,89.782959,-1.133586,1.000000;;,
			64;16;
			0.968599,-0.053544,-0.242794,0.000000,
			0.014461,0.987015,-0.159978,0.000000,
			0.248207,0.151444,0.956796,0.000000,
			0.637626,88.017677,0.030270,1.000000;;,
			65;16;
			0.966782,-0.046473,-0.251341,0.000000,
			0.007670,0.988164,-0.153209,0.000000,
			0.255486,0.146192,0.955696,0.000000,
			0.363444,86.355446,0.554090,1.000000;;,
			66;16;
			0.970185,-0.045052,-0.238141,0.000000,
			0.004755,0.985921,-0.167144,0.000000,
			0.242318,0.161028,0.956740,0.000000,
			0.133478,85.676056,1.179766,1.000000;;,
			67;16;
			0.972938,-0.025471,-0.229659,0.000000,
			-0.014150,0.985473,-0.169241,0.000000,
			0.230633,0.167911,0.958444,0.000000,
			0.164501,86.321739,1.612611,1.000000;;,
			68;16;
			0.977858,-0.006281,-0.209174,0.000000,
			-0.030583,0.984528,-0.172535,0.000000,
			0.207022,0.175112,0.962537,0.000000,
			0.192284,87.952492,1.779835,1.000000;;,
			69;16;
			0.983567,0.010939,-0.180212,0.000000,
			-0.043027,0.983605,-0.175127,0.000000,
			0.175341,0.180003,0.967912,0.000000,
			0.208634,90.106499,1.240929,1.000000;;,
			70;16;
			0.986044,0.013330,-0.165953,0.000000,
			-0.041224,0.985298,-0.165796,0.000000,
			0.161303,0.170323,0.972096,0.000000,
			0.256602,92.034683,0.122851,1.000000;;,
			71;16;
			0.984998,-0.000377,-0.172568,0.000000,
			-0.025286,0.988889,-0.146490,0.000000,
			0.170705,0.148656,0.974044,0.000000,
			0.338416,91.820145,-1.368514,1.000000;;,
			72;16;
			0.988108,-0.005779,-0.153650,0.000000,
			-0.015206,0.990722,-0.135048,0.000000,
			0.153005,0.135778,0.978853,0.000000,
			0.311735,89.700333,-2.279782,1.000000;;,
			73;16;
			0.994758,0.006962,-0.102024,0.000000,
			-0.018924,0.992981,-0.116753,0.000000,
			0.100495,0.118072,0.987907,0.000000,
			0.367499,87.193558,-2.592041,1.000000;;,
			74;16;
			0.995380,0.036853,-0.088663,0.000000,
			-0.044977,0.994793,-0.091452,0.000000,
			0.084831,0.095017,0.991855,0.000000,
			0.686396,86.162888,-2.182851,1.000000;;,
			75;16;
			0.990859,0.046869,-0.126501,0.000000,
			-0.057529,0.994972,-0.081980,0.000000,
			0.122023,0.088509,0.988573,0.000000,
			0.893886,84.849945,-2.557029,1.000000;;,
			76;16;
			0.989373,0.039956,-0.139804,0.000000,
			-0.053292,0.994240,-0.092991,0.000000,
			0.135283,0.099453,0.985803,0.000000,
			0.984502,84.360664,-3.155168,1.000000;;,
			77;16;
			0.992700,0.012754,-0.119936,0.000000,
			-0.024925,0.994622,-0.100530,0.000000,
			0.118009,0.102785,0.987679,0.000000,
			0.941177,84.943665,-3.622992,1.000000;;,
			78;16;
			0.994780,-0.020699,-0.099925,0.000000,
			0.007939,0.991943,-0.126435,0.000000,
			0.101737,0.124982,0.986929,0.000000,
			0.691263,86.308167,-2.989292,1.000000;;,
			79;16;
			0.994195,-0.047026,-0.096777,0.000000,
			0.031311,0.986955,-0.157924,0.000000,
			0.102941,0.153977,0.982697,0.000000,
			0.723175,88.743210,-1.961712,1.000000;;,
			80;16;
			0.991038,-0.067660,-0.115176,0.000000,
			0.045894,0.982208,-0.182102,0.000000,
			0.125448,0.175185,0.976511,0.000000,
			1.030335,91.876671,-0.884755,1.000000;;,
			81;16;
			0.988789,-0.056562,-0.138190,0.000000,
			0.028774,0.980309,-0.195360,0.000000,
			0.146519,0.189193,0.970947,0.000000,
			1.382838,94.150169,-0.952480,1.000000;;,
			82;16;
			0.987827,-0.027093,-0.153176,0.000000,
			-0.003430,0.980683,-0.195575,0.000000,
			0.155516,0.193720,0.968652,0.000000,
			1.576638,94.768814,-1.933960,1.000000;;,
			83;16;
			0.986589,-0.012581,-0.162738,0.000000,
			-0.019753,0.980495,-0.195550,0.000000,
			0.162024,0.196142,0.967097,0.000000,
			1.613179,93.665634,-2.181134,1.000000;;,
			84;16;
			0.985258,-0.012941,-0.170584,0.000000,
			-0.020248,0.981304,-0.191397,0.000000,
			0.169872,0.192029,0.966576,0.000000,
			1.105933,91.609299,-2.032725,1.000000;;,
			85;16;
			0.979479,-0.037110,-0.198098,0.000000,
			0.000079,0.982972,-0.183753,0.000000,
			0.201544,0.179966,0.962804,0.000000,
			0.733901,89.782951,-1.133548,1.000000;;,
			86;16;
			0.968599,-0.053544,-0.242794,0.000000,
			0.014461,0.987015,-0.159978,0.000000,
			0.248207,0.151444,0.956796,0.000000,
			0.604931,88.017685,0.030317,1.000000;;,
			87;16;
			0.966782,-0.046473,-0.251341,0.000000,
			0.007670,0.988164,-0.153209,0.000000,
			0.255486,0.146192,0.955696,0.000000,
			0.330749,86.355453,0.554066,1.000000;;,
			88;16;
			0.970185,-0.045052,-0.238141,0.000000,
			0.004755,0.985921,-0.167144,0.000000,
			0.242318,0.161028,0.956740,0.000000,
			0.100784,85.676056,1.179745,1.000000;;,
			89;16;
			0.972938,-0.025471,-0.229659,0.000000,
			-0.014150,0.985473,-0.169241,0.000000,
			0.230633,0.167911,0.958444,0.000000,
			0.131804,86.321739,1.612581,1.000000;;,
			90;16;
			0.977858,-0.006281,-0.209174,0.000000,
			-0.030583,0.984528,-0.172535,0.000000,
			0.207022,0.175112,0.962537,0.000000,
			0.159586,87.952477,1.779869,1.000000;;,
			91;16;
			0.983567,0.010939,-0.180212,0.000000,
			-0.043027,0.983605,-0.175127,0.000000,
			0.175341,0.180003,0.967912,0.000000,
			0.175938,90.106499,1.240893,1.000000;;,
			92;16;
			0.986044,0.013330,-0.165953,0.000000,
			-0.041224,0.985298,-0.165796,0.000000,
			0.161303,0.170323,0.972096,0.000000,
			0.223906,92.034668,0.122894,1.000000;;,
			93;16;
			0.984998,-0.000377,-0.172568,0.000000,
			-0.025286,0.988889,-0.146490,0.000000,
			0.170705,0.148656,0.974044,0.000000,
			0.305719,91.820160,-1.368476,1.000000;;,
			94;16;
			0.988108,-0.005779,-0.153650,0.000000,
			-0.015206,0.990722,-0.135048,0.000000,
			0.153005,0.135778,0.978853,0.000000,
			0.279041,89.700333,-2.279739,1.000000;;,
			95;16;
			0.994758,0.006962,-0.102024,0.000000,
			-0.018924,0.992981,-0.116753,0.000000,
			0.100495,0.118072,0.987907,0.000000,
			0.334805,87.193558,-2.592004,1.000000;;,
			96;16;
			0.995380,0.036853,-0.088663,0.000000,
			-0.044977,0.994793,-0.091452,0.000000,
			0.084831,0.095017,0.991855,0.000000,
			0.653700,86.162888,-2.182873,1.000000;;,
			97;16;
			0.990859,0.046869,-0.126501,0.000000,
			-0.057529,0.994972,-0.081980,0.000000,
			0.122023,0.088509,0.988573,0.000000,
			0.861188,84.849960,-2.556993,1.000000;;,
			98;16;
			0.989373,0.039956,-0.139804,0.000000,
			-0.053292,0.994240,-0.092991,0.000000,
			0.135283,0.099453,0.985803,0.000000,
			0.951804,84.360680,-3.155196,1.000000;;,
			99;16;
			0.992700,0.012754,-0.119936,0.000000,
			-0.024925,0.994622,-0.100530,0.000000,
			0.118009,0.102785,0.987679,0.000000,
			0.908477,84.943657,-3.623021,1.000000;;,
			100;16;
			0.994789,-0.020699,-0.099830,0.000000,
			0.007951,0.991943,-0.126437,0.000000,
			0.101643,0.124984,0.986939,0.000000,
			0.658572,86.308167,-2.989229,1.000000;;,
			101;16;
			0.994195,-0.047026,-0.096777,0.000000,
			0.031311,0.986955,-0.157924,0.000000,
			0.102941,0.153977,0.982697,0.000000,
			0.690481,88.743195,-1.961733,1.000000;;,
			102;16;
			0.991038,-0.067660,-0.115176,0.000000,
			0.045894,0.982208,-0.182102,0.000000,
			0.125448,0.175185,0.976511,0.000000,
			0.997637,91.876648,-0.884703,1.000000;;,
			103;16;
			0.988789,-0.056562,-0.138190,0.000000,
			0.028774,0.980309,-0.195360,0.000000,
			0.146519,0.189193,0.970947,0.000000,
			1.350147,94.150230,-0.952469,1.000000;;,
			104;16;
			0.987827,-0.027093,-0.153176,0.000000,
			-0.003430,0.980683,-0.195575,0.000000,
			0.155516,0.193720,0.968652,0.000000,
			1.543940,94.768814,-1.933919,1.000000;;,
			105;16;
			0.986589,-0.012581,-0.162738,0.000000,
			-0.019753,0.980495,-0.195550,0.000000,
			0.162024,0.196142,0.967097,0.000000,
			1.580483,93.665634,-2.181164,1.000000;;,
			106;16;
			0.985258,-0.012941,-0.170584,0.000000,
			-0.020248,0.981304,-0.191397,0.000000,
			0.169872,0.192029,0.966576,0.000000,
			1.073240,91.609291,-2.032751,1.000000;;,
			107;16;
			0.979479,-0.037110,-0.198098,0.000000,
			0.000079,0.982972,-0.183753,0.000000,
			0.201544,0.179966,0.962804,0.000000,
			0.701202,89.782936,-1.133507,1.000000;;,
			108;16;
			0.968599,-0.053544,-0.242794,0.000000,
			0.014461,0.987015,-0.159978,0.000000,
			0.248207,0.151444,0.956796,0.000000,
			0.572233,88.017700,0.030288,1.000000;;,
			109;16;
			0.966782,-0.046473,-0.251341,0.000000,
			0.007670,0.988164,-0.153209,0.000000,
			0.255486,0.146192,0.955696,0.000000,
			0.298051,86.355446,0.554105,1.000000;;,
			110;16;
			0.970212,-0.044960,-0.238048,0.000000,
			0.004677,0.985921,-0.167148,0.000000,
			0.242211,0.161056,0.956763,0.000000,
			0.066591,85.673294,1.053591,1.000000;;;
		}
	}
	Animation {
		{mixamorig_Spine}
		AnimationKey {
			4;
			111;
			0;16;
			0.997441,0.035510,-0.062058,0.000000,
			-0.040531,0.995839,-0.081617,0.000000,
			0.058901,0.083923,0.994730,0.000000,
			0.000000,10.997345,0.803058,1.000000;;,
			1;16;
			0.997769,0.016990,-0.064561,0.000000,
			-0.021973,0.996768,-0.077271,0.000000,
			0.063039,0.078517,0.994918,0.000000,
			0.000000,10.997345,0.803058,1.000000;;,
			2;16;
			0.997246,0.001099,-0.074159,0.000000,
			-0.006618,0.997221,-0.074211,0.000000,
			0.073872,0.074497,0.994481,0.000000,
			0.000000,10.997345,0.803058,1.000000;;,
			3;16;
			0.996311,-0.010062,-0.085228,0.000000,
			0.004375,0.997766,-0.066657,0.000000,
			0.085708,0.066038,0.994129,0.000000,
			0.000000,10.997345,0.803058,1.000000;;,
			4;16;
			0.995920,-0.008667,-0.089818,0.000000,
			0.003213,0.998151,-0.060692,0.000000,
			0.090178,0.060155,0.994107,0.000000,
			0.000000,10.997345,0.803058,1.000000;;,
			5;16;
			0.996042,-0.003860,-0.088797,0.000000,
			-0.001714,0.998037,-0.062605,0.000000,
			0.088864,0.062510,0.994080,0.000000,
			0.000000,10.997345,0.803058,1.000000;;,
			6;16;
			0.994381,-0.012499,-0.105120,0.000000,
			0.006272,0.998217,-0.059355,0.000000,
			0.105674,0.058362,0.992687,0.000000,
			0.000000,10.997345,0.803058,1.000000;;,
			7;16;
			0.990843,-0.030133,-0.131611,0.000000,
			0.021022,0.997320,-0.070074,0.000000,
			0.133370,0.066666,0.988821,0.000000,
			0.000000,10.997345,0.803058,1.000000;;,
			8;16;
			0.990577,-0.057393,-0.124349,0.000000,
			0.045101,0.994014,-0.099505,0.000000,
			0.129316,0.092959,0.987237,0.000000,
			0.000000,10.997345,0.803058,1.000000;;,
			9;16;
			0.993318,-0.063051,-0.096660,0.000000,
			0.053428,0.993641,-0.099107,0.000000,
			0.102294,0.093280,0.990371,0.000000,
			0.000000,10.997345,0.803058,1.000000;;,
			10;16;
