xof 0303txt 0032
Frame mixamorig_Hips {
	FrameTransformMatrix {
		1.000000,0.000000,0.000000,0.000000,
		0.000000,1.000000,0.000000,0.000000,
		0.000000,0.000000,1.000000,0.000000,
		0.000000,103.781593,0.000000,1.000000;;
	}
	Frame mixamorig_Spine {
		FrameTransformMatrix {
			1.000000,0.000000,0.000000,0.000000,
			0.000000,0.997344,0.072829,0.000000,
			0.000000,-0.072829,0.997344,0.000000,
			0.000000,10.997300,0.803100,1.000000;;
		}
		Frame mixamorig_Spine1 {
			FrameTransformMatrix {
				1.000000,0.000000,0.000000,0.000000,
				0.000000,1.000000,0.000000,0.000000,
				0.000000,0.000000,1.000000,0.000000,
				0.000000,12.864400,0.000000,1.000000;;
			}
			Frame mixamorig_Spine2 {
				FrameTransformMatrix {
					1.000000,0.000000,0.000000,0.000000,
					0.000000,1.000000,0.000000,0.000000,
					0.000000,0.000000,1.000000,0.000000,
					0.000000,14.702200,0.000000,1.000000;;
				}
				Frame mixamorig_Neck {
					FrameTransformMatrix {
						1.000000,0.000000,0.000000,0.000000,
						0.000000,0.997344,-0.072829,0.000000,
						0.000000,0.072829,0.997344,0.000000,
						0.000000,16.539900,0.000000,1.000000;;
					}
					Frame mixamorig_Head {
						FrameTransformMatrix {
							1.000000,0.000000,0.000000,0.000000,
							0.000000,1.000000,0.000000,0.000000,
							0.000000,0.000000,1.000000,0.000000,
							0.000000,6.188500,-2.321600,1.000000;;
						}
						Frame mixamorig_HeadTop_End {
							FrameTransformMatrix {
								1.000000,0.000000,0.000000,0.000000,
								0.000000,1.000000,0.000000,0.000000,
								0.000000,0.000000,1.000000,0.000000,
								0.000000,23.717800,-8.897800,1.000000;;
							}
						}
					}
				}
				Frame mixamorig_LeftShoulder {
					FrameTransformMatrix {
						-0.015673,-0.013331,0.999788,0.000000,
						0.965920,-0.258576,0.011695,0.000000,
						0.258366,0.965899,0.016930,0.000000,
						7.985300,14.403600,0.124400,1.000000;;
					}
					Frame mixamorig_LeftArm {
						FrameTransformMatrix {
							0.999899,0.013201,-0.005256,0.000000,
							-0.011496,0.969002,0.246784,0.000000,
							0.008351,-0.246698,0.969056,0.000000,
							0.000000,16.443399,0.000000,1.000000;;
						}
						Frame mixamorig_LeftForeArm {
							FrameTransformMatrix {
								0.999936,-0.001119,-0.011262,0.000000,
								0.001149,0.999996,0.002648,0.000000,
								0.011259,-0.002661,0.999933,0.000000,
								0.000000,20.702900,0.000000,1.000000;;
							}
							Frame mixamorig_LeftHand {
								FrameTransformMatrix {
									0.994193,-0.106591,0.014760,0.000000,
									0.106503,0.994290,0.006647,0.000000,
									-0.015384,-0.005036,0.999869,0.000000,
									0.000000,28.480801,0.000000,1.000000;;
								}
								Frame mixamorig_LeftHandThumb1 {
									FrameTransformMatrix {
										0.835767,0.541892,-0.088582,0.000000,
										-0.523649,0.738078,-0.425480,0.000000,
										-0.165183,0.401988,0.900622,0.000000,
										-2.770300,3.260400,-1.372000,1.000000;;
									}
									Frame mixamorig_LeftHandThumb2 {
										FrameTransformMatrix {
											0.999800,0.019976,0.000076,0.000000,
											-0.019976,0.999800,-0.000056,0.000000,
											-0.000077,0.000055,1.000000,0.000000,
											-0.105100,3.592900,0.000000,1.000000;;
										}
										Frame mixamorig_LeftHandThumb3 {
											FrameTransformMatrix {
												0.998070,0.061936,0.004396,0.000000,
												-0.061935,0.998080,-0.000161,0.000000,
												-0.004398,-0.000112,0.999990,0.000000,
												-0.033100,3.493700,0.000000,1.000000;;
											}
											Frame mixamorig_LeftHandThumb4 {
												FrameTransformMatrix {
													1.000000,0.000000,0.000000,0.000000,
													0.000000,1.000000,0.000000,0.000000,
													0.000000,0.000000,1.000000,0.000000,
													0.138200,2.622600,0.000000,1.000000;;
												}
											}
										}
									}
								}
								Frame mixamorig_LeftHandIndex1 {
									FrameTransformMatrix {
										0.990481,0.136270,0.019457,0.000000,
										-0.136544,0.990542,0.013511,0.000000,
										-0.017431,-0.016039,0.999719,0.000000,
										-3.258900,10.756500,-0.003800,1.000000;;
									}
									Frame mixamorig_LeftHandIndex2 {
										FrameTransformMatrix {
											0.998130,-0.058749,-0.016857,0.000000,
											0.058749,0.998273,-0.000515,0.000000,
											0.016858,-0.000476,0.999858,0.000000,
											0.109400,2.853100,0.000000,1.000000;;
										}
										Frame mixamorig_LeftHandIndex3 {
											FrameTransformMatrix {
												0.999999,0.001406,0.000156,0.000000,
												-0.001406,0.999999,0.000004,0.000000,
												-0.000156,-0.000004,1.000000,0.000000,
												-0.061200,2.686000,0.000000,1.000000;;
											}
											Frame mixamorig_LeftHandIndex4 {
												FrameTransformMatrix {
													1.000000,0.000000,0.000000,0.000000,
													0.000000,1.000000,0.000000,0.000000,
													0.000000,0.000000,1.000000,0.000000,
													-0.048100,2.249800,0.000000,1.000000;;
												}
											}
										}
									}
								}
								Frame mixamorig_LeftHandMiddle1 {
									FrameTransformMatrix {
										0.991817,0.127632,0.003086,0.000000,
										-0.127665,0.991690,0.015910,0.000000,
										-0.001029,-0.016173,0.999869,0.000000,
										-1.105000,11.061500,0.179000,1.000000;;
									}
									Frame mixamorig_LeftHandMiddle2 {
										FrameTransformMatrix {
											0.999133,-0.039110,-0.014297,0.000000,
											0.039109,0.999235,-0.000306,0.000000,
											0.014298,-0.000254,0.999898,0.000000,
											0.088600,3.112900,0.000000,1.000000;;
										}
										Frame mixamorig_LeftHandMiddle3 {
											FrameTransformMatrix {
												0.999975,-0.006808,-0.001688,0.000000,
												0.006808,0.999977,-0.000025,0.000000,
												0.001688,0.000014,0.999999,0.000000,
												-0.039400,3.016300,0.000000,1.000000;;
											}
											Frame mixamorig_LeftHandMiddle4 {
												FrameTransformMatrix {
													1.000000,0.000000,0.000000,0.000000,
													0.000000,1.000000,0.000000,0.000000,
													0.000000,0.000000,1.000000,0.000000,
													-0.049300,2.467900,0.000000,1.000000;;
												}
											}
										}
									}
								}
								Frame mixamorig_LeftHandRing1 {
									FrameTransformMatrix {
										0.993545,0.113440,-0.000238,0.000000,
										-0.113426,0.993448,0.013958,0.000000,
										0.001820,-0.013841,0.999903,0.000000,
										1.260900,10.768200,0.117500,1.000000;;
									}
									Frame mixamorig_LeftHandRing2 {
										FrameTransformMatrix {
											0.999892,-0.014508,-0.002504,0.000000,
											0.014508,0.999895,-0.000029,0.000000,
											0.002504,-0.000008,0.999997,0.000000,
											0.039000,2.933200,0.000000,1.000000;;
										}
										Frame mixamorig_LeftHandRing3 {
											FrameTransformMatrix {
												0.999923,-0.011496,-0.004757,0.000000,
												0.011495,0.999934,-0.000041,0.000000,
												0.004758,-0.000014,0.999989,0.000000,
												-0.003800,2.869800,0.000000,1.000000;;
											}
											Frame mixamorig_LeftHandRing4 {
												FrameTransformMatrix {
													1.000000,0.000000,0.000000,0.000000,
													0.000000,1.000000,0.000000,0.000000,
													0.000000,0.000000,1.000000,0.000000,
													-0.035200,2.582500,0.000000,1.000000;;
												}
											}
										}
									}
								}
								Frame mixamorig_LeftHandPinky1 {
									FrameTransformMatrix {
										0.994084,0.101789,-0.037894,0.000000,
										-0.102225,0.994713,-0.009757,0.000000,
										0.036701,0.013573,0.999234,0.000000,
										3.103000,9.804600,0.256500,1.000000;;
									}
									Frame mixamorig_LeftHandPinky2 {
										FrameTransformMatrix {
											0.999930,0.011615,0.002256,0.000000,
											-0.011615,0.999933,-0.000019,0.000000,
											-0.002256,-0.000007,0.999997,0.000000,
											-0.028600,2.793100,0.000000,1.000000;;
										}
										Frame mixamorig_LeftHandPinky3 {
											FrameTransformMatrix {
												0.999940,0.010384,0.003466,0.000000,
												-0.010384,0.999946,-0.000027,0.000000,
												-0.003466,-0.000009,0.999994,0.000000,
												0.003500,2.307600,0.000000,1.000000;;
											}
											Frame mixamorig_LeftHandPinky4 {
												FrameTransformMatrix {
													1.000000,0.000000,0.000000,0.000000,
													0.000000,1.000000,0.000000,0.000000,
													0.000000,0.000000,1.000000,0.000000,
													0.025100,2.027600,0.000000,1.000000;;
												}
											}
										}
									}
								}
							}
						}
					}
				}
				Frame mixamorig_RightShoulder {
					FrameTransformMatrix {
						-0.023468,0.013314,-0.999636,0.000000,
						-0.965928,-0.258094,0.019240,0.000000,
						-0.257744,0.966028,0.018917,0.000000,
						-7.985300,14.408200,0.187200,1.000000;;
					}
					Frame mixamorig_RightArm {
						FrameTransformMatrix {
							0.999762,-0.021522,0.003448,0.000000,
							0.020011,0.969027,0.246145,0.000000,
							-0.008639,-0.246017,0.969227,0.000000,
							0.000000,16.443399,0.000000,1.000000;;
						}
						Frame mixamorig_RightForeArm {
							FrameTransformMatrix {
								0.999941,0.001074,0.010810,0.000000,
								-0.001100,0.999997,0.002436,0.000000,
								-0.010808,-0.002447,0.999939,0.000000,
								0.000000,20.688000,0.000000,1.000000;;
							}
							Frame mixamorig_RightHand {
								FrameTransformMatrix {
									0.992622,0.116627,-0.033152,0.000000,
									-0.116633,0.993173,0.001785,0.000000,
									0.033133,0.002095,0.999449,0.000000,
									0.000000,28.483500,0.000000,1.000000;;
								}
								Frame mixamorig_RightHandThumb1 {
									FrameTransformMatrix {
										0.826159,-0.556997,0.084942,0.000000,
										0.538022,0.735111,-0.412485,0.000000,
										0.167310,0.386479,0.906996,0.000000,
										2.698700,3.058600,-1.299800,1.000000;;
									}
									Frame mixamorig_RightHandThumb2 {
										FrameTransformMatrix {
											0.999288,-0.037342,-0.005382,0.000000,
											0.037342,0.999303,-0.000103,0.000000,
											0.005382,-0.000098,0.999986,0.000000,
											0.078300,3.424000,0.000000,1.000000;;
										}
										Frame mixamorig_RightHandThumb3 {
											FrameTransformMatrix {
												0.999978,0.006688,-0.000216,0.000000,
												-0.006688,0.999978,-0.000005,0.000000,
												0.000216,0.000007,1.000000,0.000000,
												-0.053000,3.564600,0.000000,1.000000;;
											}
											Frame mixamorig_RightHandThumb4 {
												FrameTransformMatrix {
													1.000000,0.000000,0.000000,0.000000,
													0.000000,1.000000,0.000000,0.000000,
													0.000000,0.000000,1.000000,0.000000,
													-0.025300,3.087000,0.000000,1.000000;;
												}
											}
										}
									}
								}
								Frame mixamorig_RightHandIndex1 {
									FrameTransformMatrix {
										0.991282,-0.129030,-0.026656,0.000000,
										0.129595,0.991352,0.020660,0.000000,
										0.023759,-0.023934,0.999431,0.000000,
										3.329400,10.756900,0.008200,1.000000;;
									}
									Frame mixamorig_RightHandIndex2 {
										FrameTransformMatrix {
											0.998804,0.047194,0.012780,0.000000,
											-0.047194,0.998886,-0.000305,0.000000,
											-0.012780,-0.000298,0.999918,0.000000,
											-0.077800,2.776600,0.000000,1.000000;;
										}
										Frame mixamorig_RightHandIndex3 {
											FrameTransformMatrix {
												0.999934,-0.011503,-0.000233,0.000000,
												0.011503,0.999934,0.000013,0.000000,
												0.000233,-0.000016,1.000000,0.000000,
												0.057200,2.737700,0.000000,1.000000;;
											}
											Frame mixamorig_RightHandIndex4 {
												FrameTransformMatrix {
													1.000000,0.000000,0.000000,0.000000,
													0.000000,1.000000,0.000000,0.000000,
													0.000000,0.000000,1.000000,0.000000,
													0.020600,2.185500,0.000000,1.000000;;
												}
											}
										}
									}
								}
								Frame mixamorig_RightHandMiddle1 {
									FrameTransformMatrix {
										0.991557,-0.129359,-0.009031,0.000000,
										0.129538,0.991302,0.023230,0.000000,
										0.005947,-0.024204,0.999689,0.000000,
										1.147200,11.013400,0.263900,1.000000;;
									}
									Frame mixamorig_RightHandMiddle2 {
										FrameTransformMatrix {
											0.999365,0.034169,0.010099,0.000000,
											-0.034169,0.999416,-0.000200,0.000000,
											-0.010100,-0.000145,0.999949,0.000000,
											-0.085000,3.240000,0.000000,1.000000;;
										}
										Frame mixamorig_RightHandMiddle3 {
											FrameTransformMatrix {
												0.999909,0.012849,0.004144,0.000000,
												-0.012849,0.999917,-0.000063,0.000000,
												-0.004145,0.000010,0.999991,0.000000,
												0.027800,3.002000,0.000000,1.000000;;
											}
											Frame mixamorig_RightHandMiddle4 {
												FrameTransformMatrix {
													1.000000,0.000000,0.000000,0.000000,
													0.000000,1.000000,0.000000,0.000000,
													0.000000,0.000000,1.000000,0.000000,
													0.057300,2.538500,0.000000,1.000000;;
												}
											}
										}
									}
								}
								Frame mixamorig_RightHandRing1 {
									FrameTransformMatrix {
										0.993067,-0.117515,-0.002901,0.000000,
										0.117550,0.992825,0.021914,0.000000,
										0.000305,-0.022103,0.999756,0.000000,
										-1.318400,11.095900,0.178800,1.000000;;
									}
									Frame mixamorig_RightHandRing2 {
										FrameTransformMatrix {
											0.999865,0.016011,0.003622,0.000000,
											-0.016011,0.999872,-0.000037,0.000000,
											-0.003622,-0.000021,0.999993,0.000000,
											-0.037800,2.875200,0.000000,1.000000;;
										}
										Frame mixamorig_RightHandRing3 {
											FrameTransformMatrix {
												0.999957,0.008798,0.002955,0.000000,
												-0.008798,0.999961,-0.000024,0.000000,
												-0.002955,-0.000002,0.999996,0.000000,
												0.008600,2.694900,0.000000,1.000000;;
											}
											Frame mixamorig_RightHandRing4 {
												FrameTransformMatrix {
													1.000000,0.000000,0.000000,0.000000,
													0.000000,1.000000,0.000000,0.000000,
													0.000000,0.000000,1.000000,0.000000,
													0.029200,2.360400,0.000000,1.000000;;
												}
											}
										}
									}
								}
								Frame mixamorig_RightHandPinky1 {
									FrameTransformMatrix {
										0.994209,-0.104968,0.023041,0.000000,
										0.104765,0.994448,0.009866,0.000000,
										-0.023949,-0.007395,0.999686,0.000000,
										-3.158100,9.809900,0.152400,1.000000;;
									}
									Frame mixamorig_RightHandPinky2 {
										FrameTransformMatrix {
											0.999967,-0.007745,-0.002564,0.000000,
											0.007745,0.999970,-0.000011,0.000000,
											0.002564,-0.000009,0.999997,0.000000,
											0.016400,2.855900,0.000000,1.000000;;
										}
										Frame mixamorig_RightHandPinky3 {
											FrameTransformMatrix {
												0.999995,-0.002802,-0.001552,0.000000,
												0.002802,0.999996,-0.000006,0.000000,
												0.001552,0.000001,0.999999,0.000000,
												-0.005500,2.304300,0.000000,1.000000;;
											}
											Frame mixamorig_RightHandPinky4 {
												FrameTransformMatrix {
													1.000000,0.000000,0.000000,0.000000,
													0.000000,1.000000,0.000000,0.000000,
													0.000000,0.000000,1.000000,0.000000,
													-0.010900,1.994600,0.000000,1.000000;;
												}
											}
										}
									}
								}
							}
						}
					}
				}
			}
		}
	}
	Frame mixamorig_LeftUpLeg {
		FrameTransformMatrix {
			-0.999976,0.006869,-0.000346,0.000000,
			-0.006878,-0.998160,0.060240,0.000000,
			0.000069,0.060241,0.998184,0.000000,
			9.640700,-6.119300,-0.586600,1.000000;;
		}
		Frame mixamorig_LeftLeg {
			FrameTransformMatrix {
				0.999911,0.013371,0.000000,0.000000,
				-0.013349,0.998315,0.056466,0.000000,
				0.000755,-0.056461,0.998405,0.000000,
				0.000000,45.053299,0.000000,1.000000;;
			}
			Frame mixamorig_LeftFoot {
				FrameTransformMatrix {
					0.989354,0.057425,-0.133718,0.000000,
					-0.145113,0.458556,-0.876737,0.000000,
					0.010971,0.886808,0.462008,0.000000,
					0.000000,42.823799,0.000000,1.000000;;
				}
				Frame mixamorig_LeftToeBase {
					FrameTransformMatrix {
						0.995585,0.000000,-0.093863,0.000000,
						-0.051165,0.838369,-0.542696,0.000000,
						0.078692,0.545103,0.834668,0.000000,
						0.000000,16.588400,0.000000,1.000000;;
					}
					Frame mixamorig_LeftToe_End {
						FrameTransformMatrix {
							1.000000,0.000000,0.000000,0.000000,
							0.000000,1.000000,0.000000,0.000000,
							0.000000,0.000000,1.000000,0.000000,
							0.000000,6.714900,0.000000,1.000000;;
						}
					}
				}
			}
		}
	}
	Frame mixamorig_RightUpLeg {
		FrameTransformMatrix {
			-0.999977,-0.006831,0.000302,0.000000,
			0.006838,-0.998565,0.053106,0.000000,
			-0.000061,0.053107,0.998589,0.000000,
			-9.640700,-6.119300,-0.358900,1.000000;;
		}
		Frame mixamorig_RightLeg {
			FrameTransformMatrix {
				0.999911,-0.013365,0.000000,0.000000,
				0.013336,0.997752,0.065680,0.000000,
				-0.000878,-0.065674,0.997841,0.000000,
				0.000000,45.035599,0.000000,1.000000;;
			}
			Frame mixamorig_RightFoot {
				FrameTransformMatrix {
					0.989924,-0.057112,0.129575,0.000000,
					0.141366,0.451554,-0.880974,0.000000,
					-0.008195,0.890414,0.455077,0.000000,
					0.000000,42.834599,0.000000,1.000000;;
				}
				Frame mixamorig_RightToeBase {
					FrameTransformMatrix {
						0.994956,0.000000,0.100310,0.000000,
						0.054161,0.841704,-0.537216,0.000000,
						-0.084431,0.539939,0.837459,0.000000,
						0.000000,16.735901,0.000000,1.000000;;
					}
					Frame mixamorig_RightToe_End {
						FrameTransformMatrix {
							1.000000,0.000000,0.000000,0.000000,
							0.000000,1.000000,0.000000,0.000000,
							0.000000,0.000000,1.000000,0.000000,
							0.000000,6.713200,0.000000,1.000000;;
						}
					}
				}
			}
		}
	}
}
AnimationSet WalkingHitReaction {
	Animation {
		{mixamorig_Hips}
		AnimationKey {
			4;
			43;
			-2147483648;16;
			0.842832,0.071115,-0.533458,0.000000,
			0.030982,0.983176,0.180017,0.000000,
			0.537285,-0.168251,0.826448,0.000000,
			0.328924,94.615906,0.802550,1.000000;;,
			0;16;
			0.842832,0.071115,-0.533458,0.000000,
			0.030982,0.983176,0.180017,0.000000,
			0.537285,-0.168251,0.826448,0.000000,
			0.328924,94.615906,0.802550,1.000000;;,
			1;16;
			0.840549,0.073114,-0.536778,0.000000,
			0.030437,0.982912,0.181544,0.000000,
			0.540879,-0.168935,0.823960,0.000000,
			0.174096,95.394806,1.504713,1.000000;;,
			2;16;
			0.838806,0.074097,-0.539364,0.000000,
			0.029620,0.983017,0.181110,0.000000,
			0.543624,-0.167893,0.822365,0.000000,
			0.003805,96.164886,2.171450,1.000000;;,
			3;16;
			0.836954,0.073853,-0.542268,0.000000,
			0.028922,0.983499,0.178584,0.000000,
			0.546509,-0.165150,0.821008,0.000000,
			-0.174254,96.904831,2.769477,1.000000;;,
			4;16;
			0.833770,0.071881,-0.547413,0.000000,
			0.029666,0.984224,0.174423,0.000000,
			0.551314,-0.161668,0.818484,0.000000,
			-0.337895,97.553421,3.243604,1.000000;;,
			5;16;
			0.828061,0.068430,-0.556447,0.000000,
			0.033263,0.984778,0.170604,0.000000,
			0.559651,-0.159780,0.813180,0.000000,
			-0.461539,98.041138,3.565854,1.000000;;,
			6;16;
			0.820501,0.064955,-0.567943,0.000000,
			0.039179,0.984797,0.169231,0.000000,
			0.570302,-0.161106,0.805482,0.000000,
			-0.515535,98.332115,3.748158,1.000000;;,
			7;16;
			0.812839,0.062780,-0.579096,0.000000,
			0.044801,0.984492,0.169614,0.000000,
			0.580763,-0.163813,0.797420,0.000000,
			-0.453910,98.491768,3.775736,1.000000;;,
			8;16;
			0.805831,0.061151,-0.588979,0.000000,
			0.047947,0.984649,0.167831,0.000000,
			0.590201,-0.163484,0.790529,0.000000,
			-0.223735,98.620010,3.549025,1.000000;;,
			9;16;
			0.797997,0.060479,-0.599620,0.000000,
			0.048978,0.985153,0.164547,0.000000,
			0.600668,-0.160676,0.783186,0.000000,
			0.176558,98.657440,3.064391,1.000000;;,
			10;16;
			0.788037,0.070983,-0.611521,0.000000,
			0.047501,0.983358,0.175357,0.000000,
			0.613792,-0.167235,0.771551,0.000000,
			0.657858,98.491852,2.793845,1.000000;;,
			11;16;
			0.777589,0.104774,-0.619982,0.000000,
			0.043901,0.974566,0.219759,0.000000,
			0.627238,-0.198100,0.753212,0.000000,
			1.145563,98.049149,3.246325,1.000000;;,
			12;16;
			0.769883,0.155289,-0.619004,0.000000,
			0.042455,0.955333,0.292467,0.000000,
			0.636771,-0.251445,0.728902,0.000000,
			1.690583,97.247490,3.856579,1.000000;;,
			13;16;
			0.764660,0.202169,-0.611901,0.000000,
			0.043398,0.931207,0.361898,0.000000,
			0.642971,-0.303285,0.703283,0.000000,
			2.343171,96.225327,3.086897,1.000000;;,
			14;16;
			0.757633,0.235310,-0.608787,0.000000,
			0.035928,0.916298,0.398883,0.000000,
			0.651691,-0.324079,0.685763,0.000000,
			3.030572,95.477455,0.363610,1.000000;;,
			15;16;
			0.749079,0.250573,-0.613265,0.000000,
			0.014774,0.919161,0.393605,0.000000,
			0.662316,-0.303901,0.684823,0.000000,
			3.603874,95.177162,-2.784184,1.000000;;,
			16;16;
			0.748048,0.243151,-0.617497,0.000000,
			-0.011639,0.935126,0.354124,0.000000,
			0.663543,-0.257715,0.702349,0.000000,
			3.966830,95.254623,-4.316076,1.000000;;,
			17;16;
			0.761620,0.209826,-0.613113,0.000000,
			-0.027753,0.955821,0.292635,0.000000,
			0.647429,-0.205861,0.733796,0.000000,
			4.190697,95.546867,-3.875594,1.000000;;,
			18;16;
			0.784780,0.157354,-0.599466,0.000000,
			-0.028613,0.975401,0.218575,0.000000,
			0.619113,-0.154381,0.769977,0.000000,
			4.403614,96.018974,-2.409945,1.000000;;,
			19;16;
			0.806104,0.101543,-0.582997,0.000000,
			-0.022550,0.989724,0.141204,0.000000,
			0.591344,-0.100679,0.800110,0.000000,
			4.678925,96.614151,-0.554504,1.000000;;,
			20;16;
			0.821148,0.054559,-0.568101,0.000000,
			-0.018128,0.997411,0.069586,0.000000,
			0.570427,-0.046841,0.820011,0.000000,
			4.940128,97.203178,1.581642,1.000000;;,
			21;16;
			0.832709,0.018046,-0.553416,0.000000,
			-0.015458,0.999837,0.009343,0.000000,
			0.553494,0.000775,0.832853,0.000000,
			5.122948,97.772285,3.967924,1.000000;;,
			22;16;
			0.843639,-0.007441,-0.536859,0.000000,
			-0.012695,0.999348,-0.033801,0.000000,
			0.536761,0.035331,0.842994,0.000000,
			5.198386,98.272057,6.499193,1.000000;;,
			23;16;
			0.853344,-0.019229,-0.520994,0.000000,
			-0.010903,0.998443,-0.054709,0.000000,
			0.521234,0.052366,0.851805,0.000000,
			5.187656,98.635132,8.994077,1.000000;;,
			24;16;
			0.859562,-0.019864,-0.510645,0.000000,
			-0.010449,0.998352,-0.056425,0.000000,
			0.510924,0.053836,0.857938,0.000000,
			5.122533,98.867012,11.094595,1.000000;;,
			25;16;
			0.861822,-0.016858,-0.506931,0.000000,
			-0.010441,0.998646,-0.050960,0.000000,
			0.507103,0.049211,0.860479,0.000000,
			5.000504,99.007668,12.320824,1.000000;;,
			26;16;
			0.862502,-0.010750,-0.505939,0.000000,
			-0.013976,0.998887,-0.045050,0.000000,
			0.505860,0.045926,0.861392,0.000000,
			4.779252,99.042709,12.417679,1.000000;;,
			27;16;
			0.864064,0.003065,-0.503373,0.000000,
			-0.024579,0.999046,-0.036108,0.000000,
			0.502782,0.043572,0.863315,0.000000,
			4.433391,98.814728,11.521595,1.000000;;,
			28;16;
			0.867217,0.019126,-0.497562,0.000000,
			-0.035108,0.999124,-0.022784,0.000000,
			0.496691,0.037227,0.867129,0.000000,
			4.038522,98.571053,10.245442,1.000000;;,
			29;16;
			0.872947,0.033996,-0.486629,0.000000,
			-0.041012,0.999152,-0.003769,0.000000,
			0.486088,0.023248,0.873601,0.000000,
			3.628395,98.210419,8.759985,1.000000;;,
			30;16;
			0.882915,0.042696,-0.467587,0.000000,
			-0.038485,0.999087,0.018558,0.000000,
			0.467953,0.001610,0.883752,0.000000,
			3.219425,97.713249,7.051121,1.000000;;,
			31;16;
			0.895574,0.042964,-0.442833,0.000000,
			-0.027903,0.998791,0.040474,0.000000,
			0.444037,-0.023891,0.895690,0.000000,
			2.821631,97.195419,5.166717,1.000000;;,
			32;16;
			0.904418,0.040781,-0.424693,0.000000,
			-0.015961,0.997959,0.061839,0.000000,
			0.426348,-0.049150,0.903223,0.000000,
			2.430223,96.758606,3.189424,1.000000;;,
			33;16;
			0.903676,0.046045,-0.425734,0.000000,
			-0.010239,0.996241,0.086014,0.000000,
			0.428095,-0.073370,0.900751,0.000000,
			2.029756,96.229813,1.210291,1.000000;;,
			34;16;
			0.894147,0.055708,-0.444294,0.000000,
			-0.006575,0.993757,0.111370,0.000000,
			0.447724,-0.096660,0.888932,0.000000,
			1.633510,95.589867,-0.378428,1.000000;;,
			35;16;
			0.881732,0.059943,-0.467926,0.000000,
			0.002992,0.991164,0.132608,0.000000,
			0.471741,-0.118325,0.873762,0.000000,
			1.268673,94.781166,-1.313030,1.000000;;,
			36;16;
			0.871454,0.056475,-0.487215,0.000000,
			0.017618,0.989104,0.146162,0.000000,
			0.490161,-0.135957,0.860963,0.000000,
			0.961273,93.928421,-1.619007,1.000000;;,
			37;16;
			0.863653,0.052145,-0.501383,0.000000,
			0.029173,0.987798,0.152985,0.000000,
			0.503243,-0.146753,0.851593,0.000000,
			0.707619,93.396179,-1.439083,1.000000;;,
			38;16;
			0.857242,0.053491,-0.512128,0.000000,
			0.032332,0.987035,0.157215,0.000000,
			0.513898,-0.151329,0.844398,0.000000,
			0.479287,93.305679,-0.989873,1.000000;;,
			39;16;
			0.851758,0.059874,-0.520503,0.000000,
			0.030214,0.986182,0.162885,0.000000,
			0.523063,-0.154465,0.838180,0.000000,
			0.244413,93.587021,-0.434181,1.000000;;,
			40;16;
			0.847048,0.066321,-0.527362,0.000000,
			0.029218,0.984875,0.170787,0.000000,
			0.530712,-0.160073,0.832299,0.000000,
			-0.009524,94.049866,0.171638,1.000000;;,
			41;16;
			0.842832,0.071115,-0.533458,0.000000,
			0.030982,0.983176,0.180017,0.000000,
			0.537285,-0.168251,0.826448,0.000000,
			-0.291001,94.615921,0.802544,1.000000;;;
		}
	}
	Animation {
		{mixamorig_Spine}
		AnimationKey {
			4;
			43;
			-2147483648;16;
			0.992900,0.066083,-0.098906,0.000000,
			-0.081005,0.984524,-0.155402,0.000000,
			0.087106,0.162311,0.982888,0.000000,
			0.000000,10.997300,0.803100,1.000000;;,
			0;16;
			0.992900,0.066083,-0.098906,0.000000,
			-0.081005,0.984524,-0.155402,0.000000,
			0.087106,0.162311,0.982888,0.000000,
			0.000000,10.997300,0.803100,1.000000;;,
			1;16;
			0.993473,0.060953,-0.096411,0.000000,
			-0.075613,0.984769,-0.156568,0.000000,
			0.085400,0.162836,0.982950,0.000000,
			0.000000,10.997300,0.803100,1.000000;;,
			2;16;
			0.993873,0.056099,-0.095235,0.000000,
			-0.070528,0.985294,-0.155634,0.000000,
			0.085104,0.161397,0.983213,0.000000,
			0.000000,10.997300,0.803100,1.000000;;,
			3;16;
			0.994135,0.052517,-0.094540,0.000000,
			-0.066677,0.985901,-0.153468,0.000000,
			0.085148,0.158872,0.983621,0.000000,
			0.000000,10.997300,0.803100,1.000000;;,
			4;16;
			0.994426,0.050656,-0.092476,0.000000,
			-0.064320,0.986387,-0.151337,0.000000,
			0.083551,0.156441,0.984147,0.000000,
			0.000000,10.997300,0.803100,1.000000;;,
			5;16;
			0.994949,0.048983,-0.087621,0.000000,
			-0.061790,0.986751,-0.150015,0.000000,
			0.079112,0.154672,0.984793,0.000000,
			0.000000,10.997300,0.803100,1.000000;;,
			6;16;
			0.995751,0.045769,-0.079907,0.000000,
			-0.057340,0.987156,-0.149112,0.000000,
			0.072056,0.153061,0.985586,0.000000,
			0.000000,10.997300,0.803100,1.000000;;,
			7;16;
			0.996688,0.041068,-0.070187,0.000000,
			-0.051151,0.987588,-0.148507,0.000000,
			0.063217,0.151606,0.986417,0.000000,
			0.000000,10.997300,0.803100,1.000000;;,
			8;16;
			0.997528,0.037528,-0.059416,0.000000,
			-0.046078,0.987643,-0.149790,0.000000,
			0.053061,0.152158,0.986931,0.000000,
			0.000000,10.997300,0.803100,1.000000;;,
			9;16;
			0.998117,0.038519,-0.047731,0.000000,
			-0.045511,0.986814,-0.155329,0.000000,
			0.041118,0.157209,0.986709,0.000000,
			0.000000,10.997300,0.803100,1.000000;;,
			10;16;
			0.998548,0.041499,-0.034356,0.000000,
			-0.046609,0.985268,-0.164544,0.000000,
			0.027022,0.165906,0.985771,0.000000,
			0.000000,10.997300,0.803100,1.000000;;,
			11;16;
			0.999047,0.039499,-0.018552,0.000000,
			-0.042103,0.984244,-0.171728,0.000000,
			0.011476,0.172345,0.984970,0.000000,
			0.000000,10.997300,0.803100,1.000000;;,
			12;16;
			0.999558,0.029698,-0.001293,0.000000,
			-0.029480,0.984765,-0.171371,0.000000,
			-0.003816,0.171333,0.985206,0.000000,
			0.000000,10.997300,0.803100,1.000000;;,
			13;16;
			0.999790,0.015243,0.013705,0.000000,
			-0.012750,0.985958,-0.166507,0.000000,
			-0.016051,0.166298,0.985945,0.000000,
			0.000000,10.997300,0.803100,1.000000;;,
			14;16;
			0.999717,0.000379,0.023769,0.000000,
			0.003707,0.985151,-0.171649,0.000000,
			-0.023481,0.171689,0.984871,0.000000,
			0.000000,10.997300,0.803100,1.000000;;,
			15;16;
			0.999582,-0.008080,0.027764,0.000000,
			0.013533,0.979246,-0.202221,0.000000,
			-0.025554,0.202512,0.978946,0.000000,
			0.000000,10.997300,0.803100,1.000000;;,
			16;16;
			0.999611,-0.008850,0.026459,0.000000,
			0.015395,0.965875,-0.258551,0.000000,
			-0.023268,0.258858,0.965635,0.000000,
			0.000000,10.997300,0.803100,1.000000;;,
			17;16;
			0.999762,-0.006233,0.020884,0.000000,
			0.012641,0.946422,-0.322686,0.000000,
			-0.017754,0.322873,0.946276,0.000000,
			0.000000,10.997300,0.803100,1.000000;;,
			18;16;
			0.999905,-0.002903,0.013438,0.000000,
			0.007690,0.928348,-0.371634,0.000000,
			-0.011396,0.371702,0.928282,0.000000,
			0.000000,10.997300,0.803100,1.000000;;,
			19;16;
			0.999972,0.001382,0.007407,0.000000,
			0.001659,0.918550,-0.395301,0.000000,
			-0.007350,0.395302,0.918522,0.000000,
			0.000000,10.997300,0.803100,1.000000;;,
			20;16;
			0.999972,0.006456,0.003739,0.000000,
			-0.004417,0.916209,-0.400676,0.000000,
			-0.006013,0.400649,0.916212,0.000000,
			0.000000,10.997300,0.803100,1.000000;;,
			21;16;
			0.999916,0.012985,-0.000110,0.000000,
			-0.011938,0.915869,-0.401299,0.000000,
			-0.005111,0.401266,0.915947,0.000000,
			0.000000,10.997300,0.803100,1.000000;;,
			22;16;
			0.999791,0.018843,-0.007949,0.000000,
			-0.020448,0.914990,-0.402957,0.000000,
			-0.000320,0.403036,0.915184,0.000000,
			0.000000,10.997300,0.803100,1.000000;;,
			23;16;
			0.999511,0.021545,-0.022649,0.000000,
			-0.028805,0.916234,-0.399606,0.000000,
			0.012143,0.400063,0.916407,0.000000,
			0.000000,10.997300,0.803100,1.000000;;,
			24;16;
			0.998822,0.021516,-0.043499,0.000000,
			-0.036504,0.923732,-0.381295,0.000000,
			0.031977,0.382433,0.923429,0.000000,
			0.000000,10.997300,0.803100,1.000000;;,
			25;16;
			0.997516,0.022518,-0.066747,0.000000,
			-0.044301,0.937230,-0.345885,0.000000,
			0.054769,0.347983,0.935900,0.000000,
			0.000000,10.997300,0.803100,1.000000;;,
			26;16;
			0.995851,0.024305,-0.087699,0.000000,
			-0.049775,0.952225,-0.301314,0.000000,
			0.076186,0.304429,0.949484,0.000000,
			0.000000,10.997300,0.803100,1.000000;;,
			27;16;
			0.994396,0.023583,-0.103060,0.000000,
			-0.049759,0.964485,-0.259408,0.000000,
			0.093282,0.263082,0.960253,0.000000,
			0.000000,10.997300,0.803100,1.000000;;,
			28;16;
			0.993551,0.023663,-0.110890,0.000000,
			-0.048559,0.972558,-0.227535,0.000000,
			0.102463,0.231452,0.967436,0.000000,
			0.000000,10.997300,0.803100,1.000000;;,
			29;16;
			0.993331,0.021729,-0.113228,0.000000,
			-0.044781,0.977688,-0.205233,0.000000,
			0.106242,0.208935,0.972141,0.000000,
			0.000000,10.997300,0.803100,1.000000;;,
			30;16;
			0.993444,0.016376,-0.113141,0.000000,
			-0.037554,0.981513,-0.187677,0.000000,
			0.107976,0.190696,0.975693,0.000000,
			0.000000,10.997300,0.803100,1.000000;;,
			31;16;
			0.993529,0.010547,-0.113089,0.000000,
			-0.029908,0.984833,-0.170905,0.000000,
			0.109571,0.173182,0.978776,0.000000,
			0.000000,10.997300,0.803100,1.000000;;,
			32;16;
			0.993333,0.006682,-0.115090,0.000000,
			-0.024491,0.987762,-0.154032,0.000000,
			0.112652,0.155823,0.981340,0.000000,
			0.000000,10.997300,0.803100,1.000000;;,
			33;16;
			0.992634,0.004543,-0.121069,0.000000,
			-0.021382,0.990180,-0.138150,0.000000,
			0.119252,0.139721,0.982984,0.000000,
			0.000000,10.997300,0.803100,1.000000;;,
			34;16;
			0.991282,0.006936,-0.131574,0.000000,
			-0.023464,0.991943,-0.124489,0.000000,
			0.129651,0.126491,0.983458,0.000000,
			0.000000,10.997300,0.803100,1.000000;;,
			35;16;
			0.989421,0.014342,-0.144362,0.000000,
			-0.030900,0.993101,-0.113116,0.000000,
			0.141744,0.116380,0.983038,0.000000,
			0.000000,10.997300,0.803100,1.000000;;,
			36;16;
			0.987618,0.024789,-0.154908,0.000000,
			-0.041352,0.993651,-0.104632,0.000000,
			0.151331,0.109743,0.982372,0.000000,
			0.000000,10.997300,0.803100,1.000000;;,
			37;16;
			0.986799,0.036658,-0.157744,0.000000,
			-0.052991,0.993513,-0.100614,0.000000,
			0.153032,0.107645,0.982341,0.000000,
			0.000000,10.997300,0.803100,1.000000;;,
			38;16;
			0.987395,0.048693,-0.150599,0.000000,
			-0.064742,0.992513,-0.103572,0.000000,
			0.144428,0.112017,0.983154,0.000000,
			0.000000,10.997300,0.803100,1.000000;;,
			39;16;
			0.989059,0.058231,-0.135545,0.000000,
			-0.074063,0.990618,-0.114851,0.000000,
			0.127585,0.123633,0.984092,0.000000,
			0.000000,10.997300,0.803100,1.000000;;,
			40;16;
			0.991041,0.064242,-0.117093,0.000000,
			-0.079751,0.987904,-0.132987,0.000000,
			0.107133,0.141134,0.984177,0.000000,
			0.000000,10.997300,0.803100,1.000000;;,
			41;16;
			0.992900,0.066083,-0.098906,0.000000,
			-0.081005,0.984524,-0.155402,0.000000,
			0.087106,0.162311,0.982888,0.000000,
			0.000000,10.997300,0.803100,1.000000;;;
		}
	}
	Animation {
		{mixamorig_Spine1}
		AnimationKey {
			4;
			43;
			-2147483648;16;
			0.999061,0.009962,-0.042172,0.000000,
			-0.011428,0.999334,-0.034668,0.000000,
			0.041798,0.035117,0.998509,0.000000,
			0.000000,12.864400,0.000000,1.000000;;,
			0;16;
			0.999061,0.009962,-0.042172,0.000000,
			-0.011428,0.999334,-0.034668,0.000000,
			0.041798,0.035117,0.998509,0.000000,
			0.000000,12.864400,0.000000,1.000000;;,
			1;16;
			0.999090,0.009387,-0.041597,0.000000,
			-0.010853,0.999323,-0.035148,0.000000,
			0.041239,0.035567,0.998516,0.000000,
			0.000000,12.864400,0.000000,1.000000;;,
			2;16;
			0.999100,0.007855,-0.041693,0.000000,
			-0.009351,0.999315,-0.035818,0.000000,
			0.041383,0.036175,0.998488,0.000000,
			0.000000,12.864400,0.000000,1.000000;;,
			3;16;
			0.999098,0.006993,-0.041885,0.000000,
			-0.008484,0.999333,-0.035530,0.000000,
			0.041608,0.035854,0.998490,0.000000,
			0.000000,12.864400,0.000000,1.000000;;,
			4;16;
			0.999097,0.008238,-0.041693,0.000000,
			-0.009647,0.999385,-0.033712,0.000000,
			0.041390,0.034084,0.998562,0.000000,
			0.000000,12.864400,0.000000,1.000000;;,
			5;16;
			0.999108,0.010729,-0.040831,0.000000,
			-0.012032,0.999422,-0.031798,0.000000,
			0.040466,0.032261,0.998660,0.000000,
			0.000000,12.864400,0.000000,1.000000;;,
			6;16;
			0.999165,0.010154,-0.039586,0.000000,
			-0.011451,0.999401,-0.032661,0.000000,
			0.039230,0.033087,0.998682,0.000000,
			0.000000,12.864400,0.000000,1.000000;;,
			7;16;
			0.999266,0.004407,-0.038053,0.000000,
			-0.005819,0.999296,-0.037068,0.000000,
			0.037863,0.037262,0.998588,0.000000,
			0.000000,12.864400,0.000000,1.000000;;,
			8;16;
			0.999353,-0.001150,-0.035945,0.000000,
			-0.000315,0.999171,-0.040708,0.000000,
			0.035962,0.040693,0.998524,0.000000,
			0.000000,12.864400,0.000000,1.000000;;,
			9;16;
			0.999449,0.004504,-0.032879,0.000000,
			-0.005707,0.999314,-0.036596,0.000000,
			0.032691,0.036763,0.998789,0.000000,
			0.000000,12.864400,0.000000,1.000000;;,
			10;16;
			0.999208,0.028076,-0.028183,0.000000,
			-0.028688,0.999356,-0.021561,0.000000,
			0.027560,0.022353,0.999370,0.000000,
			0.000000,12.864400,0.000000,1.000000;;,
			11;16;
			0.997796,0.062645,-0.021857,0.000000,
			-0.062685,0.998033,-0.001150,0.000000,
			0.021742,0.002518,0.999760,0.000000,
			0.000000,12.864400,0.000000,1.000000;;,
			12;16;
			0.995722,0.091038,-0.015819,0.000000,
			-0.090804,0.995757,0.014954,0.000000,
			0.017113,-0.013454,0.999763,0.000000,
			0.000000,12.864400,0.000000,1.000000;;,
			13;16;
			0.994831,0.100776,-0.012463,0.000000,
			-0.100504,0.994719,0.020801,0.000000,
			0.014494,-0.019441,0.999706,0.000000,
			0.000000,12.864400,0.000000,1.000000;;,
			14;16;
			0.995407,0.095053,-0.011409,0.000000,
			-0.094816,0.995299,0.019747,0.000000,
			0.013232,-0.018575,0.999740,0.000000,
			0.000000,12.864400,0.000000,1.000000;;,
			15;16;
			0.996007,0.088658,-0.010450,0.000000,
			-0.088439,0.995884,0.019843,0.000000,
			0.012166,-0.018840,0.999748,0.000000,
			0.000000,12.864400,0.000000,1.000000;;,
			16;16;
			0.995541,0.093910,-0.008916,0.000000,
			-0.093640,0.995242,0.026936,0.000000,
			0.011403,-0.025981,0.999597,0.000000,
			0.000000,12.864400,0.000000,1.000000;;,
			17;16;
			0.993879,0.110219,-0.007478,0.000000,
			-0.109846,0.993175,0.039201,0.000000,
			0.011748,-0.038140,0.999203,0.000000,
			0.000000,12.864400,0.000000,1.000000;;,
			18;16;
			0.991865,0.127068,-0.007574,0.000000,
			-0.126538,0.990704,0.049928,0.000000,
			0.013848,-0.048563,0.998724,0.000000,
			0.000000,12.864400,0.000000,1.000000;;,
			19;16;
			0.990987,0.133528,-0.010738,0.000000,
			-0.132791,0.989747,0.052607,0.000000,
			0.017652,-0.050707,0.998558,0.000000,
			0.000000,12.864400,0.000000,1.000000;;,
			20;16;
			0.991958,0.125437,-0.016873,0.000000,
			-0.124565,0.991171,0.045422,0.000000,
			0.022422,-0.042955,0.998825,0.000000,
			0.000000,12.864400,0.000000,1.000000;;,
			21;16;
			0.994160,0.105043,-0.024733,0.000000,
			-0.104269,0.994073,0.030761,0.000000,
			0.027818,-0.028003,0.999221,0.000000,
			0.000000,12.864400,0.000000,1.000000;;,
			22;16;
			0.996430,0.077633,-0.033166,0.000000,
			-0.077254,0.996932,0.012552,0.000000,
			0.034039,-0.009945,0.999371,0.000000,
			0.000000,12.864400,0.000000,1.000000;;,
			23;16;
			0.997974,0.048068,-0.041693,0.000000,
			-0.048369,0.998810,-0.006226,0.000000,
			0.041344,0.008230,0.999111,0.000000,
			0.000000,12.864400,0.000000,1.000000;;,
			24;16;
			0.998566,0.020490,-0.049451,0.000000,
			-0.021713,0.999468,-0.024320,0.000000,
			0.048926,0.025359,0.998480,0.000000,
			0.000000,12.864400,0.000000,1.000000;;,
			25;16;
			0.998436,-0.002297,-0.055865,0.000000,
			-0.000041,0.999125,-0.041819,0.000000,
			0.055913,0.041756,0.997562,0.000000,
			0.000000,12.864400,0.000000,1.000000;;,
			26;16;
			0.997997,-0.018277,-0.060555,0.000000,
			0.014735,0.998182,-0.058438,0.000000,
			0.061513,0.057429,0.996453,0.000000,
			0.000000,12.864400,0.000000,1.000000;;,
			27;16;
			0.997590,-0.027456,-0.063713,0.000000,
			0.022809,0.997103,-0.072556,0.000000,
			0.065520,0.070928,0.995327,0.000000,
			0.000000,12.864400,0.000000,1.000000;;,
			28;16;
			0.997359,-0.030512,-0.065913,0.000000,
			0.025088,0.996349,-0.081607,0.000000,
			0.068163,0.079738,0.994483,0.000000,
			0.000000,12.864400,0.000000,1.000000;;,
			29;16;
			0.997291,-0.028692,-0.067731,0.000000,
			0.022977,0.996226,-0.083694,0.000000,
			0.069877,0.081911,0.994187,0.000000,
			0.000000,12.864400,0.000000,1.000000;;,
			30;16;
			0.997330,-0.023143,-0.069261,0.000000,
			0.017662,0.996740,-0.078728,0.000000,
			0.070857,0.077295,0.994487,0.000000,
			0.000000,12.864400,0.000000,1.000000;;,
			31;16;
			0.997424,-0.015110,-0.070122,0.000000,
			0.010316,0.997616,-0.068232,0.000000,
			0.070986,0.067333,0.995202,0.000000,
			0.000000,12.864400,0.000000,1.000000;;,
			32;16;
			0.997533,-0.006121,-0.069931,0.000000,
			0.002280,0.998491,-0.054869,0.000000,
			0.070161,0.054574,0.996042,0.000000,
			0.000000,12.864400,0.000000,1.000000;;,
			33;16;
			0.997669,0.001817,-0.068209,0.000000,
			-0.004657,0.999128,-0.041500,0.000000,
			0.068074,0.041721,0.996808,0.000000,
			0.000000,12.864400,0.000000,1.000000;;,
			34;16;
			0.997841,0.007462,-0.065244,0.000000,
			-0.009495,0.999478,-0.030896,0.000000,
			0.064979,0.031449,0.997391,0.000000,
			0.000000,12.864400,0.000000,1.000000;;,
			35;16;
			0.998061,0.010143,-0.061416,0.000000,
			-0.011678,0.999627,-0.024686,0.000000,
			0.061143,0.025355,0.997807,0.000000,
