xof 0303txt 0032
Frame Ch44 {
	FrameTransformMatrix {
		1.000000,0.000000,0.000000,0.000000,
		0.000000,1.000000,0.000000,0.000000,
		0.000000,0.000000,1.000000,0.000000,
		0.000000,0.000000,0.000000,1.000000;;
	}
}
Frame mixamorig_Hips {
	FrameTransformMatrix {
		1.000000,0.000000,0.000000,0.000000,
		0.000000,1.000000,0.000000,0.000000,
		0.000000,0.000000,1.000000,0.000000,
		0.000000,103.266609,-1.469107,1.000000;;
	}
	Frame mixamorig_Spine {
		FrameTransformMatrix {
			1.000000,0.000000,0.000000,0.000000,
			0.000000,0.997344,0.072829,0.000000,
			0.000000,-0.072829,0.997344,0.000000,
			0.000000,10.997345,0.803058,1.000000;;
		}
		Frame mixamorig_Spine1 {
			FrameTransformMatrix {
				1.000000,0.000000,0.000000,0.000000,
				0.000000,1.000000,0.000000,0.000000,
				0.000000,-0.000000,1.000000,0.000000,
				0.000000,12.864401,0.000000,1.000000;;
			}
			Frame mixamorig_Spine2 {
				FrameTransformMatrix {
					1.000000,0.000000,0.000000,0.000000,
					0.000000,1.000000,0.000000,0.000000,
					0.000000,0.000000,1.000000,0.000000,
					0.000000,14.702159,-0.000000,1.000000;;
				}
				Frame mixamorig_Neck {
					FrameTransformMatrix {
						1.000000,0.000000,0.000000,0.000000,
						0.000000,0.997344,-0.072829,0.000000,
						0.000000,0.072829,0.997344,0.000000,
						0.000000,16.539940,-0.000002,1.000000;;
					}
					Frame mixamorig_Head {
						FrameTransformMatrix {
							1.000000,0.000000,0.000000,0.000000,
							0.000000,1.000000,0.000000,0.000000,
							0.000000,0.000000,1.000000,0.000000,
							0.000000,6.188477,-2.321620,1.000000;;
						}
						Frame mixamorig_HeadTop_End {
							FrameTransformMatrix {
								1.000000,0.000000,0.000000,0.000000,
								0.000000,1.000000,0.000000,0.000000,
								0.000000,0.000000,1.000000,0.000000,
								0.000000,23.717819,-8.897791,1.000000;;
							}
						}
					}
				}
				Frame mixamorig_LeftShoulder {
					FrameTransformMatrix {
						-0.015629,0.000026,0.999878,0.000000,
						0.965663,-0.259358,0.015101,0.000000,
						0.259327,0.965781,0.004028,0.000000,
						7.985327,14.403621,0.124439,1.000000;;
					}
					Frame mixamorig_LeftArm {
						FrameTransformMatrix {
							0.997591,-0.069377,0.000000,0.000000,
							0.068756,0.988660,0.133504,0.000000,
							-0.009262,-0.133183,0.991048,0.000000,
							0.000000,16.443417,-0.000000,1.000000;;
						}
						Frame mixamorig_LeftForeArm {
							FrameTransformMatrix {
								0.973581,0.228340,0.000000,0.000000,
								-0.227190,0.968679,0.100224,0.000000,
								0.022885,-0.097576,0.994965,0.000000,
								0.000000,20.702911,-0.000000,1.000000;;
							}
							Frame mixamorig_LeftHand {
								FrameTransformMatrix {
									0.972875,0.064872,-0.222050,0.000000,
									-0.112243,0.971690,-0.207893,0.000000,
									0.202277,0.227177,0.952615,0.000000,
									-0.000000,28.480791,-0.000000,1.000000;;
								}
								Frame mixamorig_LeftHandThumb1 {
									FrameTransformMatrix {
										0.781580,0.623805,-0.000000,0.000000,
										-0.593986,0.744218,-0.305484,0.000000,
										-0.190562,0.238760,0.952197,0.000000,
										-2.770290,3.260447,-1.371969,1.000000;;
									}
									Frame mixamorig_LeftHandThumb2 {
										FrameTransformMatrix {
											1.000000,0.000000,0.000000,0.000000,
											0.000000,0.989067,-0.147469,0.000000,
											-0.000000,0.147469,0.989067,0.000000,
											-0.105061,3.592884,0.000000,1.000000;;
										}
										Frame mixamorig_LeftHandThumb3 {
											FrameTransformMatrix {
												1.000000,0.000000,-0.000000,0.000000,
												-0.000000,0.998617,-0.052569,0.000000,
												0.000000,0.052569,0.998617,0.000000,
												-0.033138,3.493665,0.000000,1.000000;;
											}
											Frame mixamorig_LeftHandThumb4 {
												FrameTransformMatrix {
													1.000000,0.000000,0.000000,0.000000,
													0.000000,1.000000,-0.000000,0.000000,
													-0.000000,0.000000,1.000000,0.000000,
													0.138198,2.622627,-0.000000,1.000000;;
												}
											}
										}
									}
								}
								Frame mixamorig_LeftHandIndex1 {
									FrameTransformMatrix {
										0.975732,0.218968,0.000000,0.000000,
										-0.218358,0.973014,-0.074591,0.000000,
										-0.016333,0.072780,0.997214,0.000000,
										-3.258903,10.756469,-0.003820,1.000000;;
									}
									Frame mixamorig_LeftHandIndex2 {
										FrameTransformMatrix {
											1.000000,0.000000,0.000000,0.000000,
											0.000000,0.949059,-0.315097,0.000000,
											0.000000,0.315097,0.949059,0.000000,
											0.109371,2.853128,-0.000000,1.000000;;
										}
										Frame mixamorig_LeftHandIndex3 {
											FrameTransformMatrix {
												1.000000,-0.000000,0.000000,0.000000,
												0.000000,0.999972,0.007531,0.000000,
												-0.000000,-0.007531,0.999972,0.000000,
												-0.061237,2.685963,-0.000000,1.000000;;
											}
											Frame mixamorig_LeftHandIndex4 {
												FrameTransformMatrix {
													1.000000,0.000000,-0.000000,0.000000,
													0.000000,1.000000,0.000000,0.000000,
													0.000000,-0.000000,1.000000,0.000000,
													-0.048135,2.249833,0.000000,1.000000;;
												}
											}
										}
									}
								}
								Frame mixamorig_LeftHandMiddle1 {
									FrameTransformMatrix {
										0.999615,-0.027734,0.000000,0.000000,
										0.027726,0.999345,-0.023271,0.000000,
										0.000645,0.023262,0.999729,0.000000,
										-1.104982,11.061543,0.178979,1.000000;;
									}
									Frame mixamorig_LeftHandMiddle2 {
										FrameTransformMatrix {
											1.000000,-0.000000,0.000000,0.000000,
											0.000000,0.908301,-0.418317,0.000000,
											-0.000000,0.418317,0.908301,0.000000,
											0.088648,3.112893,-0.000000,1.000000;;
										}
										Frame mixamorig_LeftHandMiddle3 {
											FrameTransformMatrix {
												1.000000,0.000000,0.000000,0.000000,
												0.000000,0.997395,-0.072133,0.000000,
												0.000000,0.072133,0.997395,0.000000,
												-0.039374,3.016294,0.000000,1.000000;;
											}
											Frame mixamorig_LeftHandMiddle4 {
												FrameTransformMatrix {
													1.000000,-0.000000,0.000000,0.000000,
													0.000000,1.000000,-0.000000,0.000000,
													-0.000000,0.000000,1.000000,0.000000,
													-0.049274,2.467938,-0.000000,1.000000;;
												}
											}
										}
									}
								}
								Frame mixamorig_LeftHandRing1 {
									FrameTransformMatrix {
										0.989613,-0.143755,-0.000000,0.000000,
										0.142955,0.984103,-0.105385,0.000000,
										0.015150,0.104291,0.994431,0.000000,
										1.260879,10.768150,0.117530,1.000000;;
									}
									Frame mixamorig_LeftHandRing2 {
										FrameTransformMatrix {
											1.000000,0.000000,0.000000,0.000000,
											0.000000,0.958275,-0.285846,0.000000,
											-0.000000,0.285846,0.958275,0.000000,
											0.039008,2.933240,-0.000000,1.000000;;
										}
										Frame mixamorig_LeftHandRing3 {
											FrameTransformMatrix {
												1.000000,0.000000,0.000000,0.000000,
												-0.000000,0.970306,-0.241881,0.000000,
												-0.000000,0.241881,0.970306,0.000000,
												-0.003802,2.869819,0.000000,1.000000;;
											}
											Frame mixamorig_LeftHandRing4 {
												FrameTransformMatrix {
													1.000000,-0.000000,0.000000,0.000000,
													0.000000,1.000000,0.000000,0.000000,
													-0.000000,-0.000000,1.000000,0.000000,
													-0.035205,2.582460,0.000000,1.000000;;
												}
											}
										}
									}
								}
								Frame mixamorig_LeftHandPinky1 {
									FrameTransformMatrix {
										0.923757,-0.382980,-0.000000,0.000000,
										0.371070,0.895028,-0.247451,0.000000,
										0.094769,0.228585,0.968900,0.000000,
										3.103006,9.804624,0.256461,1.000000;;
									}
									Frame mixamorig_LeftHandPinky2 {
										FrameTransformMatrix {
											1.000000,-0.000000,0.000000,0.000000,
											0.000000,0.953661,-0.300883,0.000000,
											0.000000,0.300883,0.953661,0.000000,
											-0.028648,2.793061,-0.000000,1.000000;;
										}
										Frame mixamorig_LeftHandPinky3 {
											FrameTransformMatrix {
												1.000000,-0.000000,0.000000,0.000000,
												0.000000,0.980726,-0.195386,0.000000,
												-0.000000,0.195386,0.980726,0.000000,
												0.003506,2.307577,-0.000000,1.000000;;
											}
											Frame mixamorig_LeftHandPinky4 {
												FrameTransformMatrix {
													1.000000,-0.000000,0.000000,0.000000,
													0.000000,1.000000,-0.000000,0.000000,
													-0.000000,0.000000,1.000000,0.000000,
													0.025142,2.027596,-0.000000,1.000000;;
												}
											}
										}
									}
								}
							}
						}
					}
				}
				Frame mixamorig_RightShoulder {
					FrameTransformMatrix {
						-0.023526,-0.000048,-0.999723,0.000000,
						-0.965663,-0.258801,0.022737,0.000000,
						-0.258730,0.965931,0.006042,0.000000,
						-7.985327,14.408205,0.187225,1.000000;;
					}
					Frame mixamorig_RightArm {
						FrameTransformMatrix {
							0.998693,0.051120,-0.000000,0.000000,
							-0.050671,0.989904,0.132371,0.000000,
							0.006767,-0.132198,0.991200,0.000000,
							0.000000,16.443417,-0.000000,1.000000;;
						}
						Frame mixamorig_RightForeArm {
							FrameTransformMatrix {
								0.975661,-0.219282,-0.000000,0.000000,
								0.218182,0.970764,0.100070,0.000000,
								-0.021944,-0.097635,0.994980,0.000000,
								-0.000000,20.688032,-0.000000,1.000000;;
							}
							Frame mixamorig_RightHand {
								FrameTransformMatrix {
									0.974043,-0.050031,0.220765,0.000000,
									0.097225,0.973196,-0.208415,0.000000,
									-0.204420,0.224469,0.952799,0.000000,
									-0.000000,28.483500,-0.000000,1.000000;;
								}
								Frame mixamorig_RightHandThumb1 {
									FrameTransformMatrix {
										0.765509,-0.643426,0.000000,0.000000,
										0.613035,0.729352,-0.303698,0.000000,
										0.195407,0.232484,0.952768,0.000000,
										2.698716,3.058632,-1.299813,1.000000;;
									}
									Frame mixamorig_RightHandThumb2 {
										FrameTransformMatrix {
											1.000000,-0.000000,-0.000000,0.000000,
											0.000000,0.987204,-0.159463,0.000000,
											0.000000,0.159463,0.987204,0.000000,
											0.078305,3.423988,0.000000,1.000000;;
										}
										Frame mixamorig_RightHandThumb3 {
											FrameTransformMatrix {
												1.000000,0.000000,-0.000000,0.000000,
												-0.000000,0.999012,-0.044446,0.000000,
												0.000000,0.044446,0.999012,0.000000,
												-0.053042,3.564641,-0.000000,1.000000;;
											}
											Frame mixamorig_RightHandThumb4 {
												FrameTransformMatrix {
													1.000000,-0.000000,0.000000,0.000000,
													0.000000,1.000000,-0.000000,0.000000,
													0.000000,0.000000,1.000000,0.000000,
													-0.025264,3.087018,-0.000000,1.000000;;
												}
											}
										}
									}
								}
								Frame mixamorig_RightHandIndex1 {
									FrameTransformMatrix {
										0.978087,-0.208195,0.000000,0.000000,
										0.206884,0.971927,-0.112062,0.000000,
										0.023331,0.109607,0.993701,0.000000,
										3.329366,10.756874,0.008224,1.000000;;
									}
									Frame mixamorig_RightHandIndex2 {
										FrameTransformMatrix {
											1.000000,-0.000000,0.000000,0.000000,
											0.000000,0.959553,-0.281529,0.000000,
											0.000000,0.281529,0.959553,0.000000,
											-0.077823,2.776619,0.000000,1.000000;;
										}
										Frame mixamorig_RightHandIndex3 {
											FrameTransformMatrix {
												1.000000,0.000000,0.000000,0.000000,
												-0.000000,0.997985,0.063452,0.000000,
												-0.000000,-0.063452,0.997985,0.000000,
												0.057177,2.737660,-0.000000,1.000000;;
											}
											Frame mixamorig_RightHandIndex4 {
												FrameTransformMatrix {
													1.000000,0.000000,0.000000,0.000000,
													-0.000000,1.000000,0.000000,0.000000,
													-0.000000,-0.000000,1.000000,0.000000,
													0.020645,2.185542,0.000000,1.000000;;
												}
											}
										}
									}
								}
								Frame mixamorig_RightHandMiddle1 {
									FrameTransformMatrix {
										0.999995,-0.003233,-0.000000,0.000000,
										0.003224,0.997271,-0.073758,0.000000,
										0.000238,0.073758,0.997276,0.000000,
										1.147194,11.013397,0.263927,1.000000;;
									}
									Frame mixamorig_RightHandMiddle2 {
										FrameTransformMatrix {
											1.000000,-0.000000,0.000000,0.000000,
											0.000000,0.929103,-0.369821,0.000000,
											-0.000000,0.369821,0.929103,0.000000,
											-0.085029,3.240009,0.000000,1.000000;;
										}
										Frame mixamorig_RightHandMiddle3 {
											FrameTransformMatrix {
												1.000000,0.000000,0.000000,0.000000,
												0.000000,0.989832,-0.142239,0.000000,
												0.000000,0.142239,0.989832,0.000000,
												0.027768,3.001971,0.000000,1.000000;;
											}
											Frame mixamorig_RightHandMiddle4 {
												FrameTransformMatrix {
													1.000000,-0.000000,0.000000,0.000000,
													0.000000,1.000000,-0.000000,0.000000,
													-0.000000,0.000000,1.000000,0.000000,
													0.057261,2.538451,-0.000000,1.000000;;
												}
											}
										}
									}
								}
								Frame mixamorig_RightHandRing1 {
									FrameTransformMatrix {
										0.994430,0.105395,-0.000000,0.000000,
										-0.104525,0.986228,-0.128177,0.000000,
										-0.013509,0.127463,0.991751,0.000000,
										-1.318436,11.095921,0.178815,1.000000;;
									}
									Frame mixamorig_RightHandRing2 {
										FrameTransformMatrix {
											1.000000,0.000000,0.000000,0.000000,
											0.000000,0.949020,-0.315216,0.000000,
											0.000000,0.315216,0.949020,0.000000,
											-0.037767,2.875236,-0.000000,1.000000;;
										}
										Frame mixamorig_RightHandRing3 {
											FrameTransformMatrix {
												1.000000,0.000000,-0.000000,0.000000,
												-0.000000,0.984593,-0.174859,0.000000,
												0.000000,0.174859,0.984593,0.000000,
												0.008583,2.694868,-0.000000,1.000000;;
											}
											Frame mixamorig_RightHandRing4 {
												FrameTransformMatrix {
													1.000000,-0.000000,0.000000,0.000000,
													0.000000,1.000000,0.000000,0.000000,
													-0.000000,-0.000000,1.000000,0.000000,
													0.029184,2.360416,-0.000000,1.000000;;
												}
											}
										}
									}
								}
								Frame mixamorig_RightHandPinky1 {
									FrameTransformMatrix {
										0.950507,0.310705,-0.000000,0.000000,
										-0.304759,0.932319,-0.194688,0.000000,
										-0.060490,0.185052,0.980865,0.000000,
										-3.158124,9.809884,0.152362,1.000000;;
									}
									Frame mixamorig_RightHandPinky2 {
										FrameTransformMatrix {
											1.000000,-0.000000,0.000000,0.000000,
											0.000000,0.919506,-0.393077,0.000000,
											0.000000,0.393077,0.919506,0.000000,
											0.016399,2.855931,-0.000000,1.000000;;
										}
										Frame mixamorig_RightHandPinky3 {
											FrameTransformMatrix {
												1.000000,-0.000000,0.000000,0.000000,
												0.000000,0.974769,-0.223216,0.000000,
												-0.000000,0.223216,0.974769,0.000000,
												-0.005530,2.304318,-0.000000,1.000000;;
											}
											Frame mixamorig_RightHandPinky4 {
												FrameTransformMatrix {
													1.000000,-0.000000,0.000000,0.000000,
													0.000000,1.000000,0.000000,0.000000,
													-0.000000,-0.000000,1.000000,0.000000,
													-0.010869,1.994622,-0.000000,1.000000;;
												}
											}
										}
									}
								}
							}
						}
					}
				}
			}
		}
	}
	Frame mixamorig_LeftUpLeg {
		FrameTransformMatrix {
			-0.994837,-0.101308,0.006047,0.000000,
			0.101488,-0.993069,0.059281,0.000000,
			0.000000,0.059588,0.998223,0.000000,
			9.640739,-6.119278,-0.586611,1.000000;;
		}
		Frame mixamorig_LeftLeg {
			FrameTransformMatrix {
				0.999911,0.013370,-0.000000,0.000000,
				-0.013348,0.998315,0.056467,0.000000,
				0.000755,-0.056462,0.998404,0.000000,
				0.000000,45.053291,-0.000000,1.000000;;
			}
			Frame mixamorig_LeftFoot {
				FrameTransformMatrix {
					0.976062,-0.000000,-0.217492,0.000000,
					-0.189754,0.488677,-0.851580,0.000000,
					0.106283,0.872465,0.476979,0.000000,
					0.000000,42.823772,-0.000000,1.000000;;
				}
				Frame mixamorig_LeftToeBase {
					FrameTransformMatrix {
						0.995585,0.000000,-0.093863,0.000000,
						-0.051165,0.838369,-0.542697,0.000000,
						0.078692,0.545103,0.834667,0.000000,
						0.000000,16.588381,0.000000,1.000000;;
					}
					Frame mixamorig_LeftToe_End {
						FrameTransformMatrix {
							1.000000,0.000000,-0.000000,0.000000,
							-0.000000,1.000000,-0.000000,0.000000,
							0.000000,0.000000,1.000000,0.000000,
							-0.000000,6.714916,0.000000,1.000000;;
						}
					}
				}
			}
		}
	}
	Frame mixamorig_RightUpLeg {
		FrameTransformMatrix {
			-0.994833,0.101387,-0.005333,0.000000,
			-0.101528,-0.993459,0.052260,0.000000,
			-0.000000,0.052531,0.998619,0.000000,
			-9.640739,-6.119278,-0.358860,1.000000;;
		}
		Frame mixamorig_RightLeg {
			FrameTransformMatrix {
				0.999911,-0.013365,0.000000,0.000000,
				0.013336,0.997752,0.065681,0.000000,
				-0.000878,-0.065675,0.997841,0.000000,
				-0.000000,45.035599,0.000000,1.000000;;
			}
			Frame mixamorig_RightFoot {
				FrameTransformMatrix {
					0.976864,0.000000,0.213861,0.000000,
					0.187468,0.481234,-0.856311,0.000000,
					-0.102917,0.876592,0.470100,0.000000,
					-0.000000,42.834618,-0.000000,1.000000;;
				}
				Frame mixamorig_RightToeBase {
					FrameTransformMatrix {
						0.994956,0.000000,0.100310,0.000000,
						0.054161,0.841704,-0.537215,0.000000,
						-0.084431,0.539939,0.837459,0.000000,
						-0.000000,16.735941,0.000000,1.000000;;
					}
					Frame mixamorig_RightToe_End {
						FrameTransformMatrix {
							1.000000,0.000000,0.000000,0.000000,
							-0.000000,1.000000,0.000000,0.000000,
							-0.000000,-0.000000,1.000000,0.000000,
							-0.000000,6.713154,-0.000000,1.000000;;
						}
					}
				}
			}
		}
	}
}
AnimationSet LeftWalk {
	Animation {
		{mixamorig_Hips}
		AnimationKey {
			4;
			87;
			0;16;
			0.480105,0.064737,-0.874819,0.000000,
			0.105032,0.985857,0.130596,0.000000,
			0.870900,-0.154583,0.466515,0.000000,
			-1.093144,100.803810,-8.134732,1.000000;;,
			1;16;
			0.471410,0.067435,-0.879332,0.000000,
			0.104005,0.985864,0.131361,0.000000,
			0.875760,-0.153380,0.457733,0.000000,
			-1.776777,100.578476,-7.869142,1.000000;;,
			2;16;
			0.460235,0.066106,-0.885333,0.000000,
			0.107104,0.985806,0.129286,0.000000,
			0.881313,-0.154325,0.446622,0.000000,
			-2.478028,100.339264,-7.578222,1.000000;;,
			3;16;
			0.447453,0.062782,-0.892101,0.000000,
			0.113457,0.985488,0.126261,0.000000,
			0.887081,-0.157711,0.433837,0.000000,
			-3.048456,99.988785,-7.207900,1.000000;;,
			4;16;
			0.434078,0.060481,-0.898843,0.000000,
			0.117638,0.985395,0.123116,0.000000,
			0.893161,-0.159180,0.420624,0.000000,
			-3.466711,99.498383,-6.739399,1.000000;;,
			5;16;
			0.419123,0.058725,-0.906029,0.000000,
			0.119140,0.985720,0.119004,0.000000,
			0.900079,-0.157821,0.406141,0.000000,
			-3.645489,98.974396,-6.250654,1.000000;;,
			6;16;
			0.404287,0.058387,-0.912767,0.000000,
			0.119812,0.985980,0.116138,0.000000,
			0.906751,-0.156313,0.391624,0.000000,
			-3.426584,98.346741,-5.702346,1.000000;;,
			7;16;
			0.397889,0.053496,-0.915873,0.000000,
			0.120826,0.986547,0.110115,0.000000,
			0.909442,-0.154475,0.386072,0.000000,
			-2.915109,97.689026,-5.041445,1.000000;;,
			8;16;
			0.400478,0.039637,-0.915449,0.000000,
			0.126334,0.987134,0.098008,0.000000,
			0.907556,-0.154902,0.390318,0.000000,
			-2.258078,97.090332,-4.281991,1.000000;;,
			9;16;
			0.400998,0.012884,-0.915988,0.000000,
			0.140434,0.987218,0.075364,0.000000,
			0.905250,-0.158857,0.394063,0.000000,
			-1.193916,96.606476,-3.386317,1.000000;;,
			10;16;
			0.404939,-0.005630,-0.914326,0.000000,
			0.153431,0.986220,0.061880,0.000000,
			0.901379,-0.165343,0.400223,0.000000,
			-0.179160,96.297302,-2.548841,1.000000;;,
			11;16;
			0.422592,-0.009360,-0.906272,0.000000,
			0.161780,0.984666,0.065267,0.000000,
			0.891764,-0.174198,0.417626,0.000000,
			0.408049,96.160416,-1.704211,1.000000;;,
			12;16;
			0.450085,-0.005998,-0.892965,0.000000,
			0.169143,0.982448,0.078654,0.000000,
			0.876820,-0.186440,0.443200,0.000000,
			0.777268,96.360916,-0.972126,1.000000;;,
			13;16;
			0.473658,-0.004360,-0.880698,0.000000,
			0.175212,0.980465,0.089379,0.000000,
			0.863104,-0.196644,0.465169,0.000000,
			1.233544,97.156822,-0.323635,1.000000;;,
			14;16;
			0.488635,-0.001593,-0.872487,0.000000,
			0.179308,0.978836,0.098634,0.000000,
			0.853864,-0.204640,0.478579,0.000000,
			1.297811,97.938179,0.124584,1.000000;;,
			15;16;
			0.499106,0.005982,-0.866520,0.000000,
			0.177499,0.978067,0.108989,0.000000,
			0.848167,-0.208203,0.487097,0.000000,
			1.207125,98.750992,0.444203,1.000000;;,
			16;16;
			0.510527,0.014296,-0.859743,0.000000,
			0.169803,0.978496,0.117102,0.000000,
			0.842929,-0.205771,0.497121,0.000000,
			1.306154,99.594284,0.678958,1.000000;;,
			17;16;
			0.525039,0.021708,-0.850801,0.000000,
			0.159592,0.979430,0.123476,0.000000,
			0.835981,-0.200611,0.510774,0.000000,
			1.550500,100.372437,0.848463,1.000000;;,
			18;16;
			0.542819,0.028284,-0.839373,0.000000,
			0.146543,0.980911,0.127823,0.000000,
			0.826966,-0.192389,0.528313,0.000000,
			1.911113,101.021301,0.973153,1.000000;;,
			19;16;
			0.561024,0.033280,-0.827130,0.000000,
			0.135281,0.982073,0.131272,0.000000,
			0.816671,-0.185542,0.546464,0.000000,
			2.209743,101.426575,1.052594,1.000000;;,
			20;16;
			0.579460,0.036046,-0.814203,0.000000,
			0.128517,0.982481,0.134960,0.000000,
			0.804804,-0.182843,0.564676,0.000000,
			2.244272,101.591515,1.052249,1.000000;;,
			21;16;
			0.597557,0.036942,-0.800975,0.000000,
			0.123850,0.982698,0.137720,0.000000,
			0.792203,-0.181496,0.582643,0.000000,
			2.167688,101.586395,1.034508,1.000000;;,
			22;16;
			0.610994,0.037243,-0.790759,0.000000,
			0.119652,0.983072,0.138752,0.000000,
			0.782541,-0.179392,0.596195,0.000000,
			1.615637,101.512886,0.919510,1.000000;;,
			23;16;
			0.618478,0.038592,-0.784854,0.000000,
			0.117722,0.982971,0.141101,0.000000,
			0.776934,-0.179662,0.603403,0.000000,
			0.857305,101.373390,0.709741,1.000000;;,
			24;16;
			0.625788,0.039410,-0.778997,0.000000,
			0.116786,0.982730,0.143534,0.000000,
			0.771200,-0.180798,0.610378,0.000000,
			0.027288,101.097610,0.372633,1.000000;;,
			25;16;
			0.630970,0.038886,-0.774832,0.000000,
			0.115977,0.982792,0.143767,0.000000,
			0.767089,-0.180575,0.615603,0.000000,
			-0.803868,100.746437,-0.099598,1.000000;;,
			26;16;
			0.636141,0.036818,-0.770694,0.000000,
			0.118346,0.982385,0.144615,0.000000,
			0.762443,-0.183204,0.620578,0.000000,
			-1.536260,100.287758,-0.697254,1.000000;;,
			27;16;
			0.642196,0.039207,-0.765538,0.000000,
			0.115813,0.982264,0.147460,0.000000,
			0.757741,-0.183358,0.626265,0.000000,
			-2.106573,99.797844,-1.457264,1.000000;;,
			28;16;
			0.646333,0.046493,-0.761637,0.000000,
			0.106664,0.982837,0.150512,0.000000,
			0.755563,-0.178521,0.630281,0.000000,
			-2.244362,99.294014,-2.378862,1.000000;;,
			29;16;
			0.645239,0.057372,-0.761824,0.000000,
			0.090982,0.984309,0.151186,0.000000,
			0.758544,-0.166863,0.629895,0.000000,
			-1.815324,98.922928,-3.367362,1.000000;;,
			30;16;
			0.641841,0.075979,-0.763065,0.000000,
			0.067235,0.985671,0.154698,0.000000,
			0.763885,-0.150596,0.627536,0.000000,
			-1.057823,98.761246,-4.377378,1.000000;;,
			31;16;
			0.635918,0.098259,-0.765476,0.000000,
			0.044112,0.985613,0.163162,0.000000,
			0.770495,-0.137524,0.622435,0.000000,
			-0.144464,98.761894,-5.378627,1.000000;;,
			32;16;
			0.627273,0.109090,-0.771122,0.000000,
			0.029213,0.986148,0.163273,0.000000,
			0.778252,-0.124944,0.615397,0.000000,
			0.936216,98.842667,-6.287318,1.000000;;,
			33;16;
			0.611915,0.109928,-0.783247,0.000000,
			0.027926,0.986674,0.160296,0.000000,
			0.790430,-0.119961,0.600691,0.000000,
			1.561099,98.589828,-6.947264,1.000000;;,
			34;16;
			0.592695,0.108001,-0.798153,0.000000,
			0.036192,0.986397,0.160348,0.000000,
			0.804613,-0.123924,0.580724,0.000000,
			2.166087,98.900925,-7.526159,1.000000;;,
			35;16;
			0.569928,0.094844,-0.816202,0.000000,
			0.056450,0.986450,0.154044,0.000000,
			0.819753,-0.133869,0.556852,0.000000,
			2.737465,99.727058,-8.063684,1.000000;;,
			36;16;
			0.549581,0.085080,-0.831097,0.000000,
			0.072408,0.986207,0.148840,0.000000,
			0.832296,-0.141978,0.535841,0.000000,
			2.756852,100.287140,-8.500421,1.000000;;,
			37;16;
			0.533614,0.079102,-0.842021,0.000000,
			0.081956,0.986094,0.144575,0.000000,
			0.841748,-0.146156,0.519711,0.000000,
			2.491124,100.677917,-8.743551,1.000000;;,
			38;16;
			0.522585,0.070822,-0.849641,0.000000,
			0.092526,0.985947,0.139094,0.000000,
			0.847552,-0.151303,0.508688,0.000000,
			2.119462,100.901360,-8.787565,1.000000;;,
			39;16;
			0.514321,0.065339,-0.855105,0.000000,
			0.098339,0.986023,0.134490,0.000000,
			0.851941,-0.153261,0.500707,0.000000,
			1.550338,100.981537,-8.717993,1.000000;;,
			40;16;
			0.506223,0.063176,-0.860085,0.000000,
			0.100809,0.986141,0.131769,0.000000,
			0.856490,-0.153409,0.492839,0.000000,
			0.917518,100.982506,-8.596622,1.000000;;,
			41;16;
			0.496769,0.062770,-0.865610,0.000000,
			0.102365,0.986181,0.130260,0.000000,
			0.861825,-0.153317,0.483479,0.000000,
			0.350519,100.953812,-8.446075,1.000000;;,
			42;16;
			0.486565,0.063140,-0.871360,0.000000,
			0.105030,0.985924,0.130090,0.000000,
			0.867308,-0.154816,0.473084,0.000000,
			-0.343905,100.877228,-8.278585,1.000000;;,
			43;16;
			0.477179,0.065694,-0.876347,0.000000,
			0.104706,0.985849,0.130916,0.000000,
			0.872546,-0.154230,0.463547,0.000000,
			-1.082171,100.729065,-8.046225,1.000000;;,
			44;16;
			0.467818,0.067516,-0.881242,0.000000,
			0.104391,0.985878,0.130950,0.000000,
			0.877638,-0.153255,0.454163,0.000000,
			-1.735340,100.507095,-7.778985,1.000000;;,
			45;16;
			0.455935,0.064953,-0.887640,0.000000,
			0.109381,0.985683,0.128311,0.000000,
			0.883266,-0.155593,0.442303,0.000000,
			-2.393612,100.237289,-7.453894,1.000000;;,
			46;16;
			0.443170,0.061878,-0.894299,0.000000,
			0.115067,0.985435,0.125206,0.000000,
			0.889022,-0.158392,0.429595,0.000000,
			-2.964878,99.843285,-7.067230,1.000000;;,
			47;16;
			0.429224,0.059679,-0.901224,0.000000,
			0.118498,0.985469,0.121695,0.000000,
			0.895391,-0.159027,0.415915,0.000000,
			-3.278084,99.321526,-6.573761,1.000000;;,
			48;16;
			0.413739,0.058902,-0.908488,0.000000,
			0.119381,0.985778,0.118281,0.000000,
			0.902534,-0.157394,0.400823,0.000000,
			-3.315489,98.779274,-6.071889,1.000000;;,
			49;16;
			0.401006,0.057207,-0.914287,0.000000,
			0.119939,0.986178,0.114310,0.000000,
			0.908190,-0.155498,0.388602,0.000000,
			-3.059494,98.128563,-5.495546,1.000000;;,
			50;16;
			0.398025,0.049712,-0.916027,0.000000,
			0.122292,0.986744,0.106687,0.000000,
			0.909187,-0.154486,0.386669,0.000000,
			-2.443690,97.482498,-4.799788,1.000000;;,
			51;16;
			0.401282,0.031574,-0.915410,0.000000,
			0.129938,0.987336,0.091015,0.000000,
			0.906691,-0.155470,0.392098,0.000000,
			-1.645711,96.915077,-3.982551,1.000000;;,
			52;16;
			0.401694,0.005546,-0.915757,0.000000,
			0.144763,0.987024,0.069478,0.000000,
			0.904260,-0.160477,0.395679,0.000000,
			-0.605538,96.483452,-3.111413,1.000000;;,
			53;16;
			0.409096,-0.008355,-0.912453,0.000000,
			0.156728,0.985741,0.061242,0.000000,
			0.898931,-0.168060,0.404573,0.000000,
			0.368440,96.240929,-2.258740,1.000000;;,
			54;16;
			0.431456,-0.008398,-0.902095,0.000000,
			0.164193,0.983986,0.069370,0.000000,
			0.887066,-0.178048,0.425925,0.000000,
			0.801970,96.154991,-1.445847,1.000000;;,
			55;16;
			0.458721,-0.005234,-0.888565,0.000000,
			0.171341,0.981737,0.082672,0.000000,
			0.871905,-0.190171,0.451240,0.000000,
			1.172423,96.583931,-0.745483,1.000000;;,
			56;16;
			0.479563,-0.003816,-0.877499,0.000000,
			0.176931,0.979873,0.092433,0.000000,
			0.859485,-0.199584,0.470586,0.000000,
			1.587665,97.432556,-0.156276,1.000000;;,
			57;16;
			0.492564,0.000803,-0.870276,0.000000,
			0.179058,0.978511,0.102247,0.000000,
			0.851657,-0.206193,0.481835,0.000000,
			1.543668,98.208763,0.245427,1.000000;;,
			58;16;
			0.502552,0.008674,-0.864503,0.000000,
			0.175552,0.978094,0.111865,0.000000,
			0.846536,-0.207984,0.490020,0.000000,
			1.458376,99.020111,0.529250,1.000000;;,
			59;16;
			0.515138,0.016996,-0.856939,0.000000,
			0.166458,0.978784,0.119476,0.000000,
			0.840788,-0.204191,0.501379,0.000000,
			1.654969,99.868011,0.739673,1.000000;;,
			60;16;
			0.530725,0.023982,-0.847205,0.000000,
			0.155470,0.979883,0.125131,0.000000,
			0.833163,-0.198125,0.516320,0.000000,
			1.940295,100.613640,0.895316,1.000000;;,
			61;16;
			0.548671,0.030119,-0.835496,0.000000,
			0.142589,0.981338,0.129015,0.000000,
			0.823789,-0.189919,0.534137,0.000000,
			2.269355,101.178551,1.010022,1.000000;;,
			62;16;
			0.567446,0.034534,-0.822686,0.000000,
			0.132583,0.982251,0.132681,0.000000,
			0.812667,-0.184363,0.552796,0.000000,
			2.531594,101.505310,1.053945,1.000000;;,
			63;16;
			0.585591,0.036540,-0.809783,0.000000,
			0.126689,0.982582,0.135952,0.000000,
			0.800646,-0.182202,0.570762,0.000000,
			2.513941,101.602905,1.048581,1.000000;;,
			64;16;
			0.603156,0.036998,-0.796765,0.000000,
			0.122145,0.982857,0.138104,0.000000,
			0.788215,-0.180619,0.588297,0.000000,
			2.312224,101.563751,1.012204,1.000000;;,
			65;16;
			0.613337,0.037386,-0.788936,0.000000,
			0.119314,0.983030,0.139342,0.000000,
			0.780757,-0.179595,0.598468,0.000000,
			1.627615,101.482841,0.859292,1.000000;;,
			66;16;
			0.620781,0.039094,-0.783009,0.000000,
			0.117257,0.982892,0.142037,0.000000,
			0.775165,-0.179987,0.605576,0.000000,
			0.826838,101.301849,0.616200,1.000000;;,
			67;16;
			0.628107,0.039374,-0.777130,0.000000,
			0.116421,0.982722,0.143887,0.000000,
			0.769368,-0.180851,0.612671,0.000000,
			0.043539,100.979431,0.227615,1.000000;;,
			68;16;
			0.632496,0.038250,-0.773618,0.000000,
			0.116539,0.982711,0.143868,0.000000,
			0.765746,-0.181152,0.617104,0.000000,
			-0.787253,100.606194,-0.283275,1.000000;;,
			69;16;
			0.637920,0.036736,-0.769226,0.000000,
			0.118661,0.982244,0.145315,0.000000,
			0.760906,-0.183977,0.622234,0.000000,
			-1.520655,100.131851,-0.927692,1.000000;;,
			70;16;
			0.644117,0.041370,-0.763808,0.000000,
			0.112962,0.982444,0.148473,0.000000,
			0.756540,-0.181915,0.628135,0.000000,
			-1.920780,99.625229,-1.757967,1.000000;;,
			71;16;
			0.646540,0.049624,-0.761265,0.000000,
			0.102445,0.983196,0.151098,0.000000,
			0.755970,-0.175679,0.630592,0.000000,
			-1.887576,99.137520,-2.705714,1.000000;;,
			72;16;
			0.644544,0.062484,-0.762010,0.000000,
			0.083481,0.984945,0.151376,0.000000,
			0.759996,-0.161182,0.629624,0.000000,
			-1.358724,98.866295,-3.691477,1.000000;;,
			73;16;
			0.639844,0.083717,-0.763931,0.000000,
			0.059381,0.985691,0.157755,0.000000,
			0.766207,-0.146301,0.625717,0.000000,
			-0.460473,98.734131,-4.724971,1.000000;;,
			74;16;
			0.633597,0.103505,-0.766708,0.000000,
			0.037470,0.985742,0.164039,0.000000,
			0.772755,-0.132663,0.620685,0.000000,
			0.480240,98.800011,-5.693984,1.000000;;,
			75;16;
			0.623121,0.110031,-0.774347,0.000000,
			0.027325,0.986388,0.162149,0.000000,
			0.781648,-0.122197,0.611633,0.000000,
			1.438852,98.793938,-6.531403,1.000000;;,
			76;16;
			0.605679,0.110127,-0.788051,0.000000,
			0.029580,0.986575,0.160604,0.000000,
			0.795159,-0.120585,0.594290,0.000000,
			2.033776,98.580963,-7.146837,1.000000;;,
			77;16;
			0.585550,0.104786,-0.803835,0.000000,
			0.041810,0.986387,0.159039,0.000000,
			0.809557,-0.126734,0.573197,0.000000,
			2.664145,99.174652,-7.710038,1.000000;;,
			78;16;
			0.562755,0.090548,-0.821649,0.000000,
			0.062863,0.986416,0.151761,0.000000,
			0.824230,-0.137056,0.549419,0.000000,
			3.026668,99.924446,-8.213740,1.000000;;,
			79;16;
			0.543418,0.083113,-0.835338,0.000000,
			0.075727,0.986176,0.147384,0.000000,
			0.836039,-0.143349,0.529612,0.000000,
			2.997299,100.439728,-8.613137,1.000000;;,
			80;16;
			0.529511,0.076420,-0.844854,0.000000,
			0.085437,0.986066,0.142740,0.000000,
			0.843989,-0.147764,0.515604,0.000000,
			2.642188,100.771393,-8.774368,1.000000;;,
			81;16;
			0.519680,0.068552,-0.851607,0.000000,
			0.095154,0.985930,0.137431,0.000000,
			0.849046,-0.152454,0.505845,0.000000,
			2.190772,100.939720,-8.777140,1.000000;;,
			82;16;
			0.511646,0.064251,-0.856791,0.000000,
			0.099291,0.986097,0.133241,0.000000,
			0.853440,-0.153243,0.498153,0.000000,
			1.633583,100.988777,-8.683410,1.000000;;,
			83;16;
			0.503320,0.063108,-0.861792,0.000000,
			0.101009,0.986195,0.131211,0.000000,
			0.858176,-0.153090,0.489997,0.000000,
			0.990235,100.975304,-8.545063,1.000000;;,
			84;16;
			0.493348,0.062674,-0.867571,0.000000,
			0.103369,0.986109,0.130018,0.000000,
			0.863668,-0.153824,0.480016,0.000000,
			0.379245,100.940147,-8.394357,1.000000;;,
			85;16;
			0.483191,0.063786,-0.873188,0.000000,
			0.105254,0.985877,0.130261,0.000000,
			0.869165,-0.154847,0.469653,0.000000,
			-0.290957,100.844330,-8.207262,1.000000;;,
			86;16;
			0.474246,0.066634,-0.877867,0.000000,
			0.104302,0.985857,0.131178,0.000000,
			0.874192,-0.153774,0.460589,0.000000,
			-1.047374,100.644524,-7.953783,1.000000;;;
		}
	}
	Animation {
		{mixamorig_Spine}
		AnimationKey {
			4;
			87;
			0;16;
			0.974467,0.032155,0.222219,0.000000,
			0.018746,0.974586,-0.223227,0.000000,
			-0.223749,0.221693,0.949099,0.000000,
			0.000000,10.997345,0.803058,1.000000;;,
			1;16;
			0.973381,0.022579,0.228080,0.000000,
			0.028402,0.975583,-0.217788,0.000000,
			-0.227428,0.218469,0.948972,0.000000,
			0.000000,10.997345,0.803058,1.000000;;,
			2;16;
			0.971702,0.020486,0.235319,0.000000,
			0.031533,0.976064,-0.215183,0.000000,
			-0.234094,0.216514,0.947798,0.000000,
			0.000000,10.997345,0.803058,1.000000;;,
			3;16;
			0.969840,0.021643,0.242781,0.000000,
			0.032667,0.975523,-0.217458,0.000000,
			-0.241545,0.218830,0.945394,0.000000,
			0.000000,10.997345,0.803058,1.000000;;,
			4;16;
			0.968154,0.021743,0.249407,0.000000,
			0.034076,0.975505,-0.217321,0.000000,
			-0.248023,0.218899,0.943699,0.000000,
			0.000000,10.997345,0.803058,1.000000;;,
			5;16;
			0.966306,0.025645,0.256114,0.000000,
			0.032061,0.975283,-0.218619,0.000000,
			-0.255390,0.219464,0.941600,0.000000,
			0.000000,10.997345,0.803058,1.000000;;,
			6;16;
			0.964550,0.031453,0.262020,0.000000,
			0.028586,0.974577,-0.222221,0.000000,
			-0.262348,0.221834,0.939129,0.000000,
			0.000000,10.997345,0.803058,1.000000;;,
			7;16;
			0.963994,0.043112,0.262407,0.000000,
			0.018780,0.973270,-0.228895,0.000000,
			-0.265261,0.225582,0.937416,0.000000,
			0.000000,10.997345,0.803058,1.000000;;,
			8;16;
			0.963961,0.064770,0.258040,0.000000,
			0.000338,0.969613,-0.244643,0.000000,
			-0.266044,0.235914,0.934647,0.000000,
			0.000000,10.997345,0.803058,1.000000;;,
			9;16;
			0.961224,0.102821,0.255885,0.000000,
			-0.031447,0.962708,-0.268709,0.000000,
			-0.273971,0.250243,0.928611,0.000000,
			0.000000,10.997345,0.803058,1.000000;;,
			10;16;
			0.959710,0.131109,0.248531,0.000000,
			-0.054573,0.954599,-0.292851,0.000000,
			-0.275643,0.267489,0.923293,0.000000,
			0.000000,10.997345,0.803058,1.000000;;,
			11;16;
			0.962983,0.134906,0.233375,0.000000,
			-0.058231,0.949424,-0.308549,0.000000,
			-0.263197,0.283538,0.922135,0.000000,
			0.000000,10.997345,0.803058,1.000000;;,
			12;16;
			0.967890,0.129961,0.215173,0.000000,
			-0.053563,0.942952,-0.328590,0.000000,
			-0.245602,0.306514,0.919635,0.000000,
			0.000000,10.997345,0.803058,1.000000;;,
			13;16;
			0.969391,0.135626,0.204660,0.000000,
			-0.057298,0.935529,-0.348571,0.000000,
			-0.238741,0.326175,0.914665,0.000000,
			0.000000,10.997345,0.803058,1.000000;;,
			14;16;
			0.969344,0.140927,0.201274,0.000000,
			-0.060703,0.931128,-0.359604,0.000000,
			-0.238090,0.336363,0.911138,0.000000,
			0.000000,10.997345,0.803058,1.000000;;,
			15;16;
			0.970130,0.137325,0.199973,0.000000,
			-0.054836,0.927147,-0.370663,0.000000,
			-0.236306,0.348626,0.906984,0.000000,
			0.000000,10.997345,0.803058,1.000000;;,
			16;16;
			0.971300,0.129919,0.199243,0.000000,
			-0.046982,0.925941,-0.374735,0.000000,
			-0.233173,0.354620,0.905470,0.000000,
			0.000000,10.997345,0.803058,1.000000;;,
			17;16;
			0.973034,0.120932,0.196416,0.000000,
			-0.040156,0.927350,-0.372033,0.000000,
			-0.227137,0.354114,0.907200,0.000000,
			0.000000,10.997345,0.803058,1.000000;;,
			18;16;
			0.975298,0.109563,0.191807,0.000000,
			-0.033931,0.932325,-0.360025,0.000000,
			-0.218272,0.344624,0.913012,0.000000,
			0.000000,10.997345,0.803058,1.000000;;,
			19;16;
			0.977766,0.097848,0.185469,0.000000,
			-0.027990,0.937445,-0.347006,0.000000,
			-0.207821,0.334100,0.919341,0.000000,
			0.000000,10.997345,0.803058,1.000000;;,
			20;16;
			0.980368,0.086548,0.177166,0.000000,
			-0.022129,0.941137,-0.337302,0.000000,
			-0.195930,0.326759,0.924576,0.000000,
			0.000000,10.997345,0.803058,1.000000;;,
			21;16;
			0.982574,0.073324,0.170799,0.000000,
			-0.015928,0.948738,-0.315663,0.000000,
			-0.185189,0.307441,0.933373,0.000000,
			0.000000,10.997345,0.803058,1.000000;;,
			22;16;
			0.984364,0.059465,0.165803,0.000000,
			-0.008542,0.956300,-0.292263,0.000000,
			-0.175937,0.286277,0.941855,0.000000,
			0.000000,10.997345,0.803058,1.000000;;,
			23;16;
			0.985628,0.047065,0.162242,0.000000,
			-0.001109,0.962187,-0.272388,0.000000,
			-0.168927,0.268294,0.948410,0.000000,
			0.000000,10.997345,0.803058,1.000000;;,
			24;16;
			0.986675,0.037521,0.158317,0.000000,
			0.004156,0.966917,-0.255057,0.000000,
			-0.162649,0.252316,0.953877,0.000000,
			0.000000,10.997345,0.803058,1.000000;;,
			25;16;
			0.987292,0.031073,0.155851,0.000000,
			0.006807,0.971529,-0.236821,0.000000,
			-0.158773,0.234872,0.958971,0.000000,
			0.000000,10.997345,0.803058,1.000000;;,
			26;16;
			0.988154,0.028048,0.150879,0.000000,
			0.006828,0.974147,-0.225810,0.000000,
			-0.153312,0.224165,0.962416,0.000000,
			0.000000,10.997345,0.803058,1.000000;;,
			27;16;
			0.989258,0.023141,0.144339,0.000000,
			0.008048,0.977271,-0.211841,0.000000,
			-0.145961,0.210727,0.966586,0.000000,
			0.000000,10.997345,0.803058,1.000000;;,
			28;16;
			0.989839,0.020858,0.140651,0.000000,
			0.007053,0.980762,-0.195081,0.000000,
			-0.142014,0.194091,0.970650,0.000000,
			0.000000,10.997345,0.803058,1.000000;;,
			29;16;
			0.989910,0.020320,0.140231,0.000000,
			0.005022,0.984011,-0.178035,0.000000,
			-0.141607,0.176943,0.973981,0.000000,
			0.000000,10.997345,0.803058,1.000000;;,
			30;16;
			0.989916,0.016381,0.140705,0.000000,
			0.007813,0.985466,-0.169694,0.000000,
			-0.141440,0.169082,0.975401,0.000000,
			0.000000,10.997345,0.803058,1.000000;;,
			31;16;
			0.989950,0.009784,0.141080,0.000000,
			0.014926,0.984803,-0.173035,0.000000,
			-0.140629,0.173401,0.974759,0.000000,
			0.000000,10.997345,0.803058,1.000000;;,
			32;16;
			0.989335,0.012139,0.145153,0.000000,
			0.013603,0.984467,-0.175041,0.000000,
			-0.145023,0.175148,0.973802,0.000000,
			0.000000,10.997345,0.803058,1.000000;;,
			33;16;
			0.987471,0.014068,0.157175,0.000000,
			0.014607,0.983594,-0.179803,0.000000,
			-0.157126,0.179846,0.971065,0.000000,
			0.000000,10.997345,0.803058,1.000000;;,
			34;16;
			0.985319,0.025009,0.168884,0.000000,
			0.008712,0.980558,-0.196036,0.000000,
