xof 0303txt 0032
Frame Ch44 {
	FrameTransformMatrix {
		1.000000,0.000000,0.000000,0.000000,
		0.000000,1.000000,0.000000,0.000000,
		0.000000,0.000000,1.000000,0.000000,
		0.000000,0.000000,0.000000,1.000000;;
	}
}
Frame mixamorig_Hips {
	FrameTransformMatrix {
		1.000000,0.000000,0.000000,0.000000,
		0.000000,1.000000,0.000000,0.000000,
		0.000000,0.000000,1.000000,0.000000,
		0.000000,103.266609,-1.469107,1.000000;;
	}
	Frame mixamorig_Spine {
		FrameTransformMatrix {
			1.000000,0.000000,0.000000,0.000000,
			0.000000,0.997344,0.072829,0.000000,
			0.000000,-0.072829,0.997344,0.000000,
			0.000000,10.997345,0.803058,1.000000;;
		}
		Frame mixamorig_Spine1 {
			FrameTransformMatrix {
				1.000000,0.000000,0.000000,0.000000,
				0.000000,1.000000,0.000000,0.000000,
				0.000000,-0.000000,1.000000,0.000000,
				0.000000,12.864401,0.000000,1.000000;;
			}
			Frame mixamorig_Spine2 {
				FrameTransformMatrix {
					1.000000,0.000000,0.000000,0.000000,
					0.000000,1.000000,0.000000,0.000000,
					0.000000,0.000000,1.000000,0.000000,
					0.000000,14.702159,-0.000000,1.000000;;
				}
				Frame mixamorig_Neck {
					FrameTransformMatrix {
						1.000000,0.000000,0.000000,0.000000,
						0.000000,0.997344,-0.072829,0.000000,
						0.000000,0.072829,0.997344,0.000000,
						0.000000,16.539940,-0.000002,1.000000;;
					}
					Frame mixamorig_Head {
						FrameTransformMatrix {
							1.000000,0.000000,0.000000,0.000000,
							0.000000,1.000000,0.000000,0.000000,
							0.000000,0.000000,1.000000,0.000000,
							0.000000,6.188477,-2.321620,1.000000;;
						}
						Frame mixamorig_HeadTop_End {
							FrameTransformMatrix {
								1.000000,0.000000,0.000000,0.000000,
								0.000000,1.000000,0.000000,0.000000,
								0.000000,0.000000,1.000000,0.000000,
								0.000000,23.717819,-8.897791,1.000000;;
							}
						}
					}
				}
				Frame mixamorig_LeftShoulder {
					FrameTransformMatrix {
						-0.015629,0.000026,0.999878,0.000000,
						0.965663,-0.259358,0.015101,0.000000,
						0.259327,0.965781,0.004028,0.000000,
						7.985327,14.403621,0.124439,1.000000;;
					}
					Frame mixamorig_LeftArm {
						FrameTransformMatrix {
							0.997591,-0.069377,0.000000,0.000000,
							0.068756,0.988660,0.133504,0.000000,
							-0.009262,-0.133183,0.991048,0.000000,
							0.000000,16.443417,-0.000000,1.000000;;
						}
						Frame mixamorig_LeftForeArm {
							FrameTransformMatrix {
								0.973581,0.228340,0.000000,0.000000,
								-0.227190,0.968679,0.100224,0.000000,
								0.022885,-0.097576,0.994965,0.000000,
								0.000000,20.702911,-0.000000,1.000000;;
							}
							Frame mixamorig_LeftHand {
								FrameTransformMatrix {
									0.972875,0.064872,-0.222050,0.000000,
									-0.112243,0.971690,-0.207893,0.000000,
									0.202277,0.227177,0.952615,0.000000,
									-0.000000,28.480791,-0.000000,1.000000;;
								}
								Frame mixamorig_LeftHandThumb1 {
									FrameTransformMatrix {
										0.781580,0.623805,-0.000000,0.000000,
										-0.593986,0.744218,-0.305484,0.000000,
										-0.190562,0.238760,0.952197,0.000000,
										-2.770290,3.260447,-1.371969,1.000000;;
									}
									Frame mixamorig_LeftHandThumb2 {
										FrameTransformMatrix {
											1.000000,0.000000,0.000000,0.000000,
											0.000000,0.989067,-0.147469,0.000000,
											-0.000000,0.147469,0.989067,0.000000,
											-0.105061,3.592884,0.000000,1.000000;;
										}
										Frame mixamorig_LeftHandThumb3 {
											FrameTransformMatrix {
												1.000000,0.000000,-0.000000,0.000000,
												-0.000000,0.998617,-0.052569,0.000000,
												0.000000,0.052569,0.998617,0.000000,
												-0.033138,3.493665,0.000000,1.000000;;
											}
											Frame mixamorig_LeftHandThumb4 {
												FrameTransformMatrix {
													1.000000,0.000000,0.000000,0.000000,
													0.000000,1.000000,-0.000000,0.000000,
													-0.000000,0.000000,1.000000,0.000000,
													0.138198,2.622627,-0.000000,1.000000;;
												}
											}
										}
									}
								}
								Frame mixamorig_LeftHandIndex1 {
									FrameTransformMatrix {
										0.975732,0.218968,0.000000,0.000000,
										-0.218358,0.973014,-0.074591,0.000000,
										-0.016333,0.072780,0.997214,0.000000,
										-3.258903,10.756469,-0.003820,1.000000;;
									}
									Frame mixamorig_LeftHandIndex2 {
										FrameTransformMatrix {
											1.000000,0.000000,0.000000,0.000000,
											0.000000,0.949059,-0.315097,0.000000,
											0.000000,0.315097,0.949059,0.000000,
											0.109371,2.853128,-0.000000,1.000000;;
										}
										Frame mixamorig_LeftHandIndex3 {
											FrameTransformMatrix {
												1.000000,-0.000000,0.000000,0.000000,
												0.000000,0.999972,0.007531,0.000000,
												-0.000000,-0.007531,0.999972,0.000000,
												-0.061237,2.685963,-0.000000,1.000000;;
											}
											Frame mixamorig_LeftHandIndex4 {
												FrameTransformMatrix {
													1.000000,0.000000,-0.000000,0.000000,
													0.000000,1.000000,0.000000,0.000000,
													0.000000,-0.000000,1.000000,0.000000,
													-0.048135,2.249833,0.000000,1.000000;;
												}
											}
										}
									}
								}
								Frame mixamorig_LeftHandMiddle1 {
									FrameTransformMatrix {
										0.999615,-0.027734,0.000000,0.000000,
										0.027726,0.999345,-0.023271,0.000000,
										0.000645,0.023262,0.999729,0.000000,
										-1.104982,11.061543,0.178979,1.000000;;
									}
									Frame mixamorig_LeftHandMiddle2 {
										FrameTransformMatrix {
											1.000000,-0.000000,0.000000,0.000000,
											0.000000,0.908301,-0.418317,0.000000,
											-0.000000,0.418317,0.908301,0.000000,
											0.088648,3.112893,-0.000000,1.000000;;
										}
										Frame mixamorig_LeftHandMiddle3 {
											FrameTransformMatrix {
												1.000000,0.000000,0.000000,0.000000,
												0.000000,0.997395,-0.072133,0.000000,
												0.000000,0.072133,0.997395,0.000000,
												-0.039374,3.016294,0.000000,1.000000;;
											}
											Frame mixamorig_LeftHandMiddle4 {
												FrameTransformMatrix {
													1.000000,-0.000000,0.000000,0.000000,
													0.000000,1.000000,-0.000000,0.000000,
													-0.000000,0.000000,1.000000,0.000000,
													-0.049274,2.467938,-0.000000,1.000000;;
												}
											}
										}
									}
								}
								Frame mixamorig_LeftHandRing1 {
									FrameTransformMatrix {
										0.989613,-0.143755,-0.000000,0.000000,
										0.142955,0.984103,-0.105385,0.000000,
										0.015150,0.104291,0.994431,0.000000,
										1.260879,10.768150,0.117530,1.000000;;
									}
									Frame mixamorig_LeftHandRing2 {
										FrameTransformMatrix {
											1.000000,0.000000,0.000000,0.000000,
											0.000000,0.958275,-0.285846,0.000000,
											-0.000000,0.285846,0.958275,0.000000,
											0.039008,2.933240,-0.000000,1.000000;;
										}
										Frame mixamorig_LeftHandRing3 {
											FrameTransformMatrix {
												1.000000,0.000000,0.000000,0.000000,
												-0.000000,0.970306,-0.241881,0.000000,
												-0.000000,0.241881,0.970306,0.000000,
												-0.003802,2.869819,0.000000,1.000000;;
											}
											Frame mixamorig_LeftHandRing4 {
												FrameTransformMatrix {
													1.000000,-0.000000,0.000000,0.000000,
													0.000000,1.000000,0.000000,0.000000,
													-0.000000,-0.000000,1.000000,0.000000,
													-0.035205,2.582460,0.000000,1.000000;;
												}
											}
										}
									}
								}
								Frame mixamorig_LeftHandPinky1 {
									FrameTransformMatrix {
										0.923757,-0.382980,-0.000000,0.000000,
										0.371070,0.895028,-0.247451,0.000000,
										0.094769,0.228585,0.968900,0.000000,
										3.103006,9.804624,0.256461,1.000000;;
									}
									Frame mixamorig_LeftHandPinky2 {
										FrameTransformMatrix {
											1.000000,-0.000000,0.000000,0.000000,
											0.000000,0.953661,-0.300883,0.000000,
											0.000000,0.300883,0.953661,0.000000,
											-0.028648,2.793061,-0.000000,1.000000;;
										}
										Frame mixamorig_LeftHandPinky3 {
											FrameTransformMatrix {
												1.000000,-0.000000,0.000000,0.000000,
												0.000000,0.980726,-0.195386,0.000000,
												-0.000000,0.195386,0.980726,0.000000,
												0.003506,2.307577,-0.000000,1.000000;;
											}
											Frame mixamorig_LeftHandPinky4 {
												FrameTransformMatrix {
													1.000000,-0.000000,0.000000,0.000000,
													0.000000,1.000000,-0.000000,0.000000,
													-0.000000,0.000000,1.000000,0.000000,
													0.025142,2.027596,-0.000000,1.000000;;
												}
											}
										}
									}
								}
							}
						}
					}
				}
				Frame mixamorig_RightShoulder {
					FrameTransformMatrix {
						-0.023526,-0.000048,-0.999723,0.000000,
						-0.965663,-0.258801,0.022737,0.000000,
						-0.258730,0.965931,0.006042,0.000000,
						-7.985327,14.408205,0.187225,1.000000;;
					}
					Frame mixamorig_RightArm {
						FrameTransformMatrix {
							0.998693,0.051120,-0.000000,0.000000,
							-0.050671,0.989904,0.132371,0.000000,
							0.006767,-0.132198,0.991200,0.000000,
							0.000000,16.443417,-0.000000,1.000000;;
						}
						Frame mixamorig_RightForeArm {
							FrameTransformMatrix {
								0.975661,-0.219282,-0.000000,0.000000,
								0.218182,0.970764,0.100070,0.000000,
								-0.021944,-0.097635,0.994980,0.000000,
								-0.000000,20.688032,-0.000000,1.000000;;
							}
							Frame mixamorig_RightHand {
								FrameTransformMatrix {
									0.974043,-0.050031,0.220765,0.000000,
									0.097225,0.973196,-0.208415,0.000000,
									-0.204420,0.224469,0.952799,0.000000,
									-0.000000,28.483500,-0.000000,1.000000;;
								}
								Frame mixamorig_RightHandThumb1 {
									FrameTransformMatrix {
										0.765509,-0.643426,0.000000,0.000000,
										0.613035,0.729352,-0.303698,0.000000,
										0.195407,0.232484,0.952768,0.000000,
										2.698716,3.058632,-1.299813,1.000000;;
									}
									Frame mixamorig_RightHandThumb2 {
										FrameTransformMatrix {
											1.000000,-0.000000,-0.000000,0.000000,
											0.000000,0.987204,-0.159463,0.000000,
											0.000000,0.159463,0.987204,0.000000,
											0.078305,3.423988,0.000000,1.000000;;
										}
										Frame mixamorig_RightHandThumb3 {
											FrameTransformMatrix {
												1.000000,0.000000,-0.000000,0.000000,
												-0.000000,0.999012,-0.044446,0.000000,
												0.000000,0.044446,0.999012,0.000000,
												-0.053042,3.564641,-0.000000,1.000000;;
											}
											Frame mixamorig_RightHandThumb4 {
												FrameTransformMatrix {
													1.000000,-0.000000,0.000000,0.000000,
													0.000000,1.000000,-0.000000,0.000000,
													0.000000,0.000000,1.000000,0.000000,
													-0.025264,3.087018,-0.000000,1.000000;;
												}
											}
										}
									}
								}
								Frame mixamorig_RightHandIndex1 {
									FrameTransformMatrix {
										0.978087,-0.208195,0.000000,0.000000,
										0.206884,0.971927,-0.112062,0.000000,
										0.023331,0.109607,0.993701,0.000000,
										3.329366,10.756874,0.008224,1.000000;;
									}
									Frame mixamorig_RightHandIndex2 {
										FrameTransformMatrix {
											1.000000,-0.000000,0.000000,0.000000,
											0.000000,0.959553,-0.281529,0.000000,
											0.000000,0.281529,0.959553,0.000000,
											-0.077823,2.776619,0.000000,1.000000;;
										}
										Frame mixamorig_RightHandIndex3 {
											FrameTransformMatrix {
												1.000000,0.000000,0.000000,0.000000,
												-0.000000,0.997985,0.063452,0.000000,
												-0.000000,-0.063452,0.997985,0.000000,
												0.057177,2.737660,-0.000000,1.000000;;
											}
											Frame mixamorig_RightHandIndex4 {
												FrameTransformMatrix {
													1.000000,0.000000,0.000000,0.000000,
													-0.000000,1.000000,0.000000,0.000000,
													-0.000000,-0.000000,1.000000,0.000000,
													0.020645,2.185542,0.000000,1.000000;;
												}
											}
										}
									}
								}
								Frame mixamorig_RightHandMiddle1 {
									FrameTransformMatrix {
										0.999995,-0.003233,-0.000000,0.000000,
										0.003224,0.997271,-0.073758,0.000000,
										0.000238,0.073758,0.997276,0.000000,
										1.147194,11.013397,0.263927,1.000000;;
									}
									Frame mixamorig_RightHandMiddle2 {
										FrameTransformMatrix {
											1.000000,-0.000000,0.000000,0.000000,
											0.000000,0.929103,-0.369821,0.000000,
											-0.000000,0.369821,0.929103,0.000000,
											-0.085029,3.240009,0.000000,1.000000;;
										}
										Frame mixamorig_RightHandMiddle3 {
											FrameTransformMatrix {
												1.000000,0.000000,0.000000,0.000000,
												0.000000,0.989832,-0.142239,0.000000,
												0.000000,0.142239,0.989832,0.000000,
												0.027768,3.001971,0.000000,1.000000;;
											}
											Frame mixamorig_RightHandMiddle4 {
												FrameTransformMatrix {
													1.000000,-0.000000,0.000000,0.000000,
													0.000000,1.000000,-0.000000,0.000000,
													-0.000000,0.000000,1.000000,0.000000,
													0.057261,2.538451,-0.000000,1.000000;;
												}
											}
										}
									}
								}
								Frame mixamorig_RightHandRing1 {
									FrameTransformMatrix {
										0.994430,0.105395,-0.000000,0.000000,
										-0.104525,0.986228,-0.128177,0.000000,
										-0.013509,0.127463,0.991751,0.000000,
										-1.318436,11.095921,0.178815,1.000000;;
									}
									Frame mixamorig_RightHandRing2 {
										FrameTransformMatrix {
											1.000000,0.000000,0.000000,0.000000,
											0.000000,0.949020,-0.315216,0.000000,
											0.000000,0.315216,0.949020,0.000000,
											-0.037767,2.875236,-0.000000,1.000000;;
										}
										Frame mixamorig_RightHandRing3 {
											FrameTransformMatrix {
												1.000000,0.000000,-0.000000,0.000000,
												-0.000000,0.984593,-0.174859,0.000000,
												0.000000,0.174859,0.984593,0.000000,
												0.008583,2.694868,-0.000000,1.000000;;
											}
											Frame mixamorig_RightHandRing4 {
												FrameTransformMatrix {
													1.000000,-0.000000,0.000000,0.000000,
													0.000000,1.000000,0.000000,0.000000,
													-0.000000,-0.000000,1.000000,0.000000,
													0.029184,2.360416,-0.000000,1.000000;;
												}
											}
										}
									}
								}
								Frame mixamorig_RightHandPinky1 {
									FrameTransformMatrix {
										0.950507,0.310705,-0.000000,0.000000,
										-0.304759,0.932319,-0.194688,0.000000,
										-0.060490,0.185052,0.980865,0.000000,
										-3.158124,9.809884,0.152362,1.000000;;
									}
									Frame mixamorig_RightHandPinky2 {
										FrameTransformMatrix {
											1.000000,-0.000000,0.000000,0.000000,
											0.000000,0.919506,-0.393077,0.000000,
											0.000000,0.393077,0.919506,0.000000,
											0.016399,2.855931,-0.000000,1.000000;;
										}
										Frame mixamorig_RightHandPinky3 {
											FrameTransformMatrix {
												1.000000,-0.000000,0.000000,0.000000,
												0.000000,0.974769,-0.223216,0.000000,
												-0.000000,0.223216,0.974769,0.000000,
												-0.005530,2.304318,-0.000000,1.000000;;
											}
											Frame mixamorig_RightHandPinky4 {
												FrameTransformMatrix {
													1.000000,-0.000000,0.000000,0.000000,
													0.000000,1.000000,0.000000,0.000000,
													-0.000000,-0.000000,1.000000,0.000000,
													-0.010869,1.994622,-0.000000,1.000000;;
												}
											}
										}
									}
								}
							}
						}
					}
				}
			}
		}
	}
	Frame mixamorig_LeftUpLeg {
		FrameTransformMatrix {
			-0.994837,-0.101308,0.006047,0.000000,
			0.101488,-0.993069,0.059281,0.000000,
			0.000000,0.059588,0.998223,0.000000,
			9.640739,-6.119278,-0.586611,1.000000;;
		}
		Frame mixamorig_LeftLeg {
			FrameTransformMatrix {
				0.999911,0.013370,-0.000000,0.000000,
				-0.013348,0.998315,0.056467,0.000000,
				0.000755,-0.056462,0.998404,0.000000,
				0.000000,45.053291,-0.000000,1.000000;;
			}
			Frame mixamorig_LeftFoot {
				FrameTransformMatrix {
					0.976062,-0.000000,-0.217492,0.000000,
					-0.189754,0.488677,-0.851580,0.000000,
					0.106283,0.872465,0.476979,0.000000,
					0.000000,42.823772,-0.000000,1.000000;;
				}
				Frame mixamorig_LeftToeBase {
					FrameTransformMatrix {
						0.995585,0.000000,-0.093863,0.000000,
						-0.051165,0.838369,-0.542697,0.000000,
						0.078692,0.545103,0.834667,0.000000,
						0.000000,16.588381,0.000000,1.000000;;
					}
					Frame mixamorig_LeftToe_End {
						FrameTransformMatrix {
							1.000000,0.000000,-0.000000,0.000000,
							-0.000000,1.000000,-0.000000,0.000000,
							0.000000,0.000000,1.000000,0.000000,
							-0.000000,6.714916,0.000000,1.000000;;
						}
					}
				}
			}
		}
	}
	Frame mixamorig_RightUpLeg {
		FrameTransformMatrix {
			-0.994833,0.101387,-0.005333,0.000000,
			-0.101528,-0.993459,0.052260,0.000000,
			-0.000000,0.052531,0.998619,0.000000,
			-9.640739,-6.119278,-0.358860,1.000000;;
		}
		Frame mixamorig_RightLeg {
			FrameTransformMatrix {
				0.999911,-0.013365,0.000000,0.000000,
				0.013336,0.997752,0.065681,0.000000,
				-0.000878,-0.065675,0.997841,0.000000,
				-0.000000,45.035599,0.000000,1.000000;;
			}
			Frame mixamorig_RightFoot {
				FrameTransformMatrix {
					0.976864,0.000000,0.213861,0.000000,
					0.187468,0.481234,-0.856311,0.000000,
					-0.102917,0.876592,0.470100,0.000000,
					-0.000000,42.834618,-0.000000,1.000000;;
				}
				Frame mixamorig_RightToeBase {
					FrameTransformMatrix {
						0.994956,0.000000,0.100310,0.000000,
						0.054161,0.841704,-0.537215,0.000000,
						-0.084431,0.539939,0.837459,0.000000,
						-0.000000,16.735941,0.000000,1.000000;;
					}
					Frame mixamorig_RightToe_End {
						FrameTransformMatrix {
							1.000000,0.000000,0.000000,0.000000,
							-0.000000,1.000000,0.000000,0.000000,
							-0.000000,-0.000000,1.000000,0.000000,
							-0.000000,6.713154,-0.000000,1.000000;;
						}
					}
				}
			}
		}
	}
}
AnimationSet RightWalk {
	Animation {
		{mixamorig_Hips}
		AnimationKey {
			4;
			87;
			0;16;
			0.418161,0.069052,-0.905744,0.000000,
			0.150319,0.978099,0.143968,0.000000,
			0.895849,-0.196352,0.398623,0.000000,
			6.735048,98.693481,-8.762584,1.000000;;,
			1;16;
			0.417648,0.071067,-0.905825,0.000000,
			0.144702,0.979010,0.143526,0.000000,
			0.897013,-0.191018,0.398598,0.000000,
			7.308469,98.970093,-8.884130,1.000000;;,
			2;16;
			0.413289,0.075269,-0.907484,0.000000,
			0.135960,0.980306,0.143228,0.000000,
			0.900393,-0.182576,0.394916,0.000000,
			7.794887,99.246437,-8.990483,1.000000;;,
			3;16;
			0.409379,0.079107,-0.908928,0.000000,
			0.126083,0.981770,0.142235,0.000000,
			0.903610,-0.172828,0.391942,0.000000,
			8.124630,99.629799,-9.102446,1.000000;;,
			4;16;
			0.408943,0.083098,-0.908768,0.000000,
			0.118086,0.982654,0.142993,0.000000,
			0.904887,-0.165789,0.392037,0.000000,
			8.261458,100.005180,-9.157459,1.000000;;,
			5;16;
			0.412104,0.087986,-0.906879,0.000000,
			0.111299,0.983011,0.145949,0.000000,
			0.904314,-0.161081,0.395310,0.000000,
			8.182139,100.156021,-9.128410,1.000000;;,
			6;16;
			0.419504,0.092346,-0.903044,0.000000,
			0.104558,0.983275,0.149122,0.000000,
			0.901712,-0.156978,0.402832,0.000000,
			7.851359,100.170639,-9.007880,1.000000;;,
			7;16;
			0.432565,0.096004,-0.896477,0.000000,
			0.098144,0.983392,0.152668,0.000000,
			0.896245,-0.154022,0.415959,0.000000,
			7.320774,100.099205,-8.766382,1.000000;;,
			8;16;
			0.451301,0.101525,-0.886578,0.000000,
			0.091562,0.982995,0.159174,0.000000,
			0.887662,-0.153012,0.434331,0.000000,
			6.558332,99.811150,-8.341773,1.000000;;,
			9;16;
			0.474106,0.108567,-0.873749,0.000000,
			0.083740,0.982310,0.167495,0.000000,
			0.876476,-0.152578,0.456628,0.000000,
			5.511904,99.363327,-7.698953,1.000000;;,
			10;16;
			0.497921,0.112163,-0.859939,0.000000,
			0.080433,0.981354,0.174571,0.000000,
			0.863485,-0.156090,0.479615,0.000000,
			4.209744,98.742424,-6.878497,1.000000;;,
			11;16;
			0.514463,0.104232,-0.851154,0.000000,
			0.091541,0.980238,0.175369,0.000000,
			0.852612,-0.168136,0.494755,0.000000,
			2.846977,98.113419,-5.972775,1.000000;;,
			12;16;
			0.520705,0.084551,-0.849540,0.000000,
			0.114422,0.979195,0.167586,0.000000,
			0.846034,-0.184469,0.500197,0.000000,
			1.549039,97.701073,-5.069499,1.000000;;,
			13;16;
			0.528126,0.065395,-0.846644,0.000000,
			0.132827,0.978395,0.158428,0.000000,
			0.838713,-0.196127,0.508030,0.000000,
			0.147497,97.344940,-4.005802,1.000000;;,
			14;16;
			0.539946,0.045559,-0.840466,0.000000,
			0.147504,0.977960,0.147774,0.000000,
			0.828674,-0.203762,0.521325,0.000000,
			-1.061994,97.217369,-2.812527,1.000000;;,
			15;16;
			0.553521,0.026076,-0.832427,0.000000,
			0.161801,0.977099,0.138197,0.000000,
			0.816967,-0.211182,0.536625,0.000000,
			-1.748400,97.424950,-1.823876,1.000000;;,
			16;16;
			0.567055,0.021702,-0.823394,0.000000,
			0.161817,0.977237,0.137198,0.000000,
			0.807629,-0.211038,0.550635,0.000000,
			-1.859875,97.454895,-1.094222,1.000000;;,
			17;16;
			0.570980,0.025911,-0.820555,0.000000,
			0.155586,0.977973,0.139145,0.000000,
			0.806086,-0.207116,0.554372,0.000000,
			-1.631742,97.560165,-0.593386,1.000000;;,
			18;16;
			0.563149,0.030806,-0.825781,0.000000,
			0.155231,0.977571,0.142330,0.000000,
			0.811644,-0.208340,0.545736,0.000000,
			-1.240856,97.893860,-0.231362,1.000000;;,
			19;16;
			0.551584,0.037498,-0.833276,0.000000,
			0.155500,0.976853,0.146892,0.000000,
			0.819497,-0.210598,0.532985,0.000000,
			-0.615162,98.306061,0.012322,1.000000;;,
			20;16;
			0.543673,0.042410,-0.838225,0.000000,
			0.151972,0.977239,0.148013,0.000000,
			0.825423,-0.207858,0.524854,0.000000,
			0.166681,98.789108,0.207245,1.000000;;,
			21;16;
			0.540349,0.043611,-0.840310,0.000000,
			0.147769,0.978218,0.145788,0.000000,
			0.828364,-0.202948,0.522135,0.000000,
			1.037010,99.271576,0.411674,1.000000;;,
			22;16;
			0.538348,0.043345,-0.841607,0.000000,
			0.144325,0.979179,0.142751,0.000000,
			0.830272,-0.198315,0.520884,0.000000,
			1.547340,99.431694,0.636023,1.000000;;,
			23;16;
			0.535922,0.041237,-0.843260,0.000000,
			0.142333,0.980097,0.138387,0.000000,
			0.832183,-0.194188,0.519386,0.000000,
			2.033691,99.495270,0.734685,1.000000;;,
			24;16;
			0.530939,0.038346,-0.846542,0.000000,
			0.140894,0.981077,0.132806,0.000000,
			0.835615,-0.189784,0.515489,0.000000,
			2.515056,99.489548,0.733201,1.000000;;,
			25;16;
			0.523263,0.037287,-0.851355,0.000000,
			0.138197,0.982105,0.127953,0.000000,
			0.840891,-0.184608,0.508746,0.000000,
			2.900153,99.382050,0.597671,1.000000;;,
			26;16;
			0.514431,0.036806,-0.856741,0.000000,
			0.135736,0.982988,0.123733,0.000000,
			0.846721,-0.179942,0.500684,0.000000,
			3.193786,99.178192,0.332297,1.000000;;,
			27;16;
			0.505033,0.035355,-0.862375,0.000000,
			0.133689,0.983897,0.118630,0.000000,
			0.852683,-0.175202,0.492174,0.000000,
			3.433115,98.824631,-0.035685,1.000000;;,
			28;16;
			0.495855,0.033423,-0.867762,0.000000,
			0.131573,0.984832,0.113115,0.000000,
			0.858380,-0.170263,0.483936,0.000000,
			3.566930,98.433304,-0.504417,1.000000;;,
			29;16;
			0.485106,0.031484,-0.873888,0.000000,
			0.130115,0.985628,0.107738,0.000000,
			0.864721,-0.165971,0.474037,0.000000,
			3.643581,98.050781,-1.032470,1.000000;;,
			30;16;
			0.470561,0.030767,-0.881831,0.000000,
			0.130479,0.985979,0.104026,0.000000,
			0.872667,-0.164011,0.459949,0.000000,
			3.670621,97.705887,-1.570594,1.000000;;,
			31;16;
			0.453175,0.032162,-0.890841,0.000000,
			0.133318,0.985664,0.103404,0.000000,
			0.881396,-0.165626,0.442391,0.000000,
			3.525870,97.416779,-2.190731,1.000000;;,
			32;16;
			0.435421,0.036865,-0.899472,0.000000,
			0.135341,0.985124,0.105893,0.000000,
			0.889995,-0.167844,0.423954,0.000000,
			3.192956,97.140854,-2.939491,1.000000;;,
			33;16;
			0.422266,0.043675,-0.905419,0.000000,
			0.135295,0.984614,0.110594,0.000000,
			0.896318,-0.169199,0.409860,0.000000,
			2.838925,96.943214,-3.782247,1.000000;;,
			34;16;
			0.421636,0.053687,-0.905175,0.000000,
			0.137720,0.982873,0.122446,0.000000,
			0.896246,-0.176288,0.407021,0.000000,
			2.569446,96.759865,-4.502030,1.000000;;,
			35;16;
			0.430638,0.066117,-0.900099,0.000000,
			0.142247,0.979876,0.140033,0.000000,
			0.891244,-0.188340,0.412567,0.000000,
			2.527875,96.480804,-5.200595,1.000000;;,
			36;16;
			0.435814,0.077559,-0.896689,0.000000,
			0.147020,0.976764,0.155941,0.000000,
			0.887948,-0.199792,0.414284,0.000000,
			2.762062,96.164482,-5.909370,1.000000;;,
			37;16;
			0.430915,0.090190,-0.897874,0.000000,
			0.149438,0.974123,0.169569,0.000000,
			0.889933,-0.207246,0.406287,0.000000,
			3.127503,96.013077,-6.547886,1.000000;;,
			38;16;
			0.422727,0.096546,-0.901100,0.000000,
			0.149702,0.973211,0.174501,0.000000,
			0.893807,-0.208663,0.396950,0.000000,
			3.428393,96.079277,-7.122773,1.000000;;,
			39;16;
			0.417157,0.093718,-0.903989,0.000000,
			0.150852,0.973731,0.170561,0.000000,
			0.896227,-0.207519,0.392062,0.000000,
			3.940525,96.595795,-7.594312,1.000000;;,
			40;16;
			0.415774,0.084860,-0.905500,0.000000,
			0.152445,0.975048,0.161375,0.000000,
			0.896600,-0.205134,0.392463,0.000000,
			4.571980,97.270317,-8.014617,1.000000;;,
			41;16;
			0.415904,0.075951,-0.906231,0.000000,
			0.152804,0.976502,0.151968,0.000000,
			0.896479,-0.201680,0.394526,0.000000,
			5.281280,97.910034,-8.391466,1.000000;;,
			42;16;
			0.416455,0.070823,-0.906393,0.000000,
			0.152467,0.977401,0.146425,0.000000,
			0.896280,-0.199174,0.396246,0.000000,
			6.066080,98.370323,-8.619978,1.000000;;,
			43;16;
			0.418161,0.069052,-0.905744,0.000000,
			0.150319,0.978099,0.143968,0.000000,
			0.895849,-0.196352,0.398623,0.000000,
			6.735045,98.693474,-8.762588,1.000000;;,
			44;16;
			0.417648,0.071067,-0.905825,0.000000,
			0.144702,0.979010,0.143526,0.000000,
			0.897013,-0.191018,0.398598,0.000000,
			7.308469,98.970108,-8.884132,1.000000;;,
			45;16;
			0.413289,0.075269,-0.907484,0.000000,
			0.135960,0.980306,0.143228,0.000000,
			0.900393,-0.182576,0.394916,0.000000,
			7.794889,99.246452,-8.990485,1.000000;;,
			46;16;
			0.409379,0.079107,-0.908928,0.000000,
			0.126083,0.981770,0.142235,0.000000,
			0.903610,-0.172828,0.391942,0.000000,
			8.124620,99.629799,-9.102446,1.000000;;,
			47;16;
			0.408943,0.083098,-0.908768,0.000000,
			0.118086,0.982654,0.142993,0.000000,
			0.904887,-0.165789,0.392037,0.000000,
			8.261456,100.005188,-9.157462,1.000000;;,
			48;16;
			0.412104,0.087986,-0.906879,0.000000,
			0.111299,0.983011,0.145949,0.000000,
			0.904314,-0.161081,0.395310,0.000000,
			8.182139,100.156021,-9.128413,1.000000;;,
			49;16;
			0.419504,0.092346,-0.903044,0.000000,
			0.104558,0.983275,0.149122,0.000000,
			0.901712,-0.156978,0.402832,0.000000,
			7.851354,100.170639,-9.007886,1.000000;;,
			50;16;
			0.432565,0.096004,-0.896477,0.000000,
			0.098144,0.983392,0.152668,0.000000,
			0.896245,-0.154022,0.415959,0.000000,
			7.320768,100.099197,-8.766381,1.000000;;,
			51;16;
			0.451301,0.101525,-0.886578,0.000000,
			0.091562,0.982995,0.159174,0.000000,
			0.887662,-0.153012,0.434331,0.000000,
			6.558321,99.811157,-8.341774,1.000000;;,
			52;16;
			0.474106,0.108567,-0.873749,0.000000,
			0.083740,0.982310,0.167495,0.000000,
			0.876476,-0.152578,0.456628,0.000000,
			5.511891,99.363327,-7.698952,1.000000;;,
			53;16;
			0.497921,0.112163,-0.859939,0.000000,
			0.080433,0.981354,0.174571,0.000000,
			0.863485,-0.156090,0.479615,0.000000,
			4.209739,98.742424,-6.878498,1.000000;;,
			54;16;
			0.514463,0.104232,-0.851154,0.000000,
			0.091541,0.980238,0.175369,0.000000,
			0.852612,-0.168136,0.494755,0.000000,
			2.846977,98.113441,-5.972776,1.000000;;,
			55;16;
			0.520705,0.084551,-0.849540,0.000000,
			0.114422,0.979195,0.167586,0.000000,
			0.846034,-0.184469,0.500197,0.000000,
			1.549039,97.701073,-5.069500,1.000000;;,
			56;16;
			0.528126,0.065395,-0.846644,0.000000,
			0.132827,0.978395,0.158428,0.000000,
			0.838713,-0.196127,0.508030,0.000000,
			0.147497,97.344940,-4.005804,1.000000;;,
			57;16;
			0.539946,0.045559,-0.840466,0.000000,
			0.147504,0.977960,0.147774,0.000000,
			0.828674,-0.203762,0.521325,0.000000,
			-1.061997,97.217377,-2.812529,1.000000;;,
			58;16;
			0.553521,0.026076,-0.832427,0.000000,
			0.161801,0.977099,0.138197,0.000000,
			0.816967,-0.211182,0.536625,0.000000,
			-1.748411,97.424934,-1.823879,1.000000;;,
			59;16;
			0.567055,0.021702,-0.823394,0.000000,
			0.161817,0.977237,0.137198,0.000000,
			0.807629,-0.211038,0.550635,0.000000,
			-1.859883,97.454895,-1.094223,1.000000;;,
			60;16;
			0.570980,0.025911,-0.820555,0.000000,
			0.155586,0.977973,0.139145,0.000000,
			0.806086,-0.207116,0.554372,0.000000,
			-1.631738,97.560173,-0.593389,1.000000;;,
			61;16;
			0.563149,0.030806,-0.825781,0.000000,
			0.155231,0.977571,0.142330,0.000000,
			0.811644,-0.208340,0.545736,0.000000,
			-1.240850,97.893845,-0.231365,1.000000;;,
			62;16;
			0.551584,0.037498,-0.833276,0.000000,
			0.155500,0.976853,0.146892,0.000000,
			0.819497,-0.210598,0.532985,0.000000,
			-0.615163,98.306053,0.012320,1.000000;;,
			63;16;
			0.543673,0.042410,-0.838225,0.000000,
			0.151972,0.977239,0.148013,0.000000,
			0.825423,-0.207858,0.524854,0.000000,
			0.166675,98.789116,0.207243,1.000000;;,
			64;16;
			0.540349,0.043611,-0.840310,0.000000,
			0.147769,0.978218,0.145788,0.000000,
			0.828364,-0.202948,0.522135,0.000000,
			1.037010,99.271576,0.411672,1.000000;;,
			65;16;
			0.538348,0.043345,-0.841607,0.000000,
			0.144325,0.979179,0.142751,0.000000,
			0.830272,-0.198315,0.520884,0.000000,
			1.547336,99.431702,0.636026,1.000000;;,
			66;16;
			0.535922,0.041237,-0.843260,0.000000,
			0.142333,0.980097,0.138387,0.000000,
			0.832183,-0.194188,0.519386,0.000000,
			2.033691,99.495277,0.734682,1.000000;;,
			67;16;
			0.530939,0.038346,-0.846542,0.000000,
			0.140894,0.981077,0.132806,0.000000,
			0.835615,-0.189784,0.515489,0.000000,
			2.515045,99.489525,0.733194,1.000000;;,
			68;16;
			0.523263,0.037287,-0.851355,0.000000,
			0.138197,0.982105,0.127953,0.000000,
			0.840891,-0.184608,0.508746,0.000000,
			2.900156,99.382057,0.597666,1.000000;;,
			69;16;
			0.514431,0.036806,-0.856741,0.000000,
			0.135736,0.982988,0.123733,0.000000,
			0.846721,-0.179942,0.500684,0.000000,
			3.193787,99.178192,0.332294,1.000000;;,
			70;16;
			0.505033,0.035355,-0.862375,0.000000,
			0.133689,0.983897,0.118630,0.000000,
			0.852683,-0.175202,0.492174,0.000000,
			3.433121,98.824638,-0.035687,1.000000;;,
			71;16;
			0.495855,0.033423,-0.867762,0.000000,
			0.131573,0.984832,0.113115,0.000000,
			0.858380,-0.170263,0.483936,0.000000,
			3.566932,98.433304,-0.504418,1.000000;;,
			72;16;
			0.485106,0.031484,-0.873888,0.000000,
			0.130115,0.985628,0.107738,0.000000,
			0.864721,-0.165971,0.474037,0.000000,
			3.643589,98.050766,-1.032472,1.000000;;,
			73;16;
			0.470561,0.030767,-0.881831,0.000000,
			0.130479,0.985979,0.104026,0.000000,
			0.872667,-0.164011,0.459949,0.000000,
			3.670621,97.705894,-1.570598,1.000000;;,
			74;16;
			0.453175,0.032162,-0.890841,0.000000,
			0.133318,0.985664,0.103404,0.000000,
			0.881396,-0.165626,0.442391,0.000000,
			3.525872,97.416779,-2.190734,1.000000;;,
			75;16;
			0.435421,0.036865,-0.899472,0.000000,
			0.135341,0.985124,0.105893,0.000000,
			0.889995,-0.167844,0.423954,0.000000,
			3.192962,97.140862,-2.939493,1.000000;;,
			76;16;
			0.422266,0.043675,-0.905419,0.000000,
			0.135295,0.984614,0.110594,0.000000,
			0.896318,-0.169199,0.409860,0.000000,
			2.838933,96.943230,-3.782247,1.000000;;,
			77;16;
			0.421636,0.053687,-0.905175,0.000000,
			0.137720,0.982873,0.122446,0.000000,
			0.896246,-0.176288,0.407021,0.000000,
			2.569445,96.759872,-4.502031,1.000000;;,
			78;16;
			0.430638,0.066117,-0.900099,0.000000,
			0.142247,0.979876,0.140033,0.000000,
			0.891244,-0.188340,0.412567,0.000000,
			2.527875,96.480804,-5.200597,1.000000;;,
			79;16;
			0.435814,0.077559,-0.896689,0.000000,
			0.147020,0.976764,0.155941,0.000000,
			0.887948,-0.199792,0.414284,0.000000,
			2.762062,96.164482,-5.909372,1.000000;;,
			80;16;
			0.430915,0.090190,-0.897874,0.000000,
			0.149438,0.974123,0.169569,0.000000,
			0.889933,-0.207246,0.406287,0.000000,
			3.127502,96.013077,-6.547885,1.000000;;,
			81;16;
			0.422727,0.096546,-0.901100,0.000000,
			0.149702,0.973211,0.174501,0.000000,
			0.893807,-0.208663,0.396950,0.000000,
			3.428394,96.079277,-7.122774,1.000000;;,
			82;16;
			0.417157,0.093718,-0.903989,0.000000,
			0.150852,0.973731,0.170561,0.000000,
			0.896227,-0.207519,0.392062,0.000000,
			3.940526,96.595787,-7.594311,1.000000;;,
			83;16;
			0.415774,0.084860,-0.905500,0.000000,
			0.152445,0.975048,0.161375,0.000000,
			0.896600,-0.205134,0.392463,0.000000,
			4.571980,97.270317,-8.014618,1.000000;;,
			84;16;
			0.415904,0.075951,-0.906231,0.000000,
			0.152804,0.976502,0.151968,0.000000,
			0.896479,-0.201680,0.394526,0.000000,
			5.281280,97.910027,-8.391465,1.000000;;,
			85;16;
			0.416455,0.070823,-0.906393,0.000000,
			0.152467,0.977401,0.146425,0.000000,
			0.896280,-0.199174,0.396246,0.000000,
			6.066077,98.370316,-8.619978,1.000000;;,
			86;16;
			0.418161,0.069052,-0.905744,0.000000,
			0.150319,0.978099,0.143968,0.000000,
			0.895849,-0.196352,0.398623,0.000000,
			6.735046,98.693466,-8.762587,1.000000;;;
		}
	}
	Animation {
		{mixamorig_Spine}
		AnimationKey {
			4;
			87;
			0;16;
			0.976245,0.056559,0.209157,0.000000,
			0.006176,0.957671,-0.287797,0.000000,
			-0.216581,0.282252,0.934573,0.000000,
			0.000000,10.997345,0.803058,1.000000;;,
			1;16;
			0.976534,0.055911,0.207980,0.000000,
			0.006690,0.957372,-0.288781,0.000000,
			-0.215260,0.283396,0.934532,0.000000,
			0.000000,10.997345,0.803058,1.000000;;,
			2;16;
			0.976395,0.053641,0.209226,0.000000,
			0.008082,0.958920,-0.283563,0.000000,
			-0.215841,0.278560,0.935851,0.000000,
			0.000000,10.997345,0.803058,1.000000;;,
			3;16;
			0.976165,0.051719,0.210779,0.000000,
			0.008232,0.961668,-0.274091,0.000000,
			-0.216875,0.269293,0.938321,0.000000,
			0.000000,10.997345,0.803058,1.000000;;,
			4;16;
			0.976063,0.048992,0.211896,0.000000,
			0.009088,0.964259,-0.264807,0.000000,
			-0.217296,0.260394,0.940732,0.000000,
			0.000000,10.997345,0.803058,1.000000;;,
			5;16;
			0.975963,0.043113,0.213630,0.000000,
			0.013042,0.966927,-0.254720,0.000000,
			-0.217546,0.251383,0.943123,0.000000,
			0.000000,10.997345,0.803058,1.000000;;,
			6;16;
			0.976429,0.036331,0.212758,0.000000,
			0.016877,0.969862,-0.243070,0.000000,
			-0.215177,0.240931,0.946388,0.000000,
			0.000000,10.997345,0.803058,1.000000;;,
			7;16;
			0.977989,0.029230,0.206597,0.000000,
			0.019864,0.972599,-0.231637,0.000000,
			-0.207707,0.230642,0.950611,0.000000,
			0.000000,10.997345,0.803058,1.000000;;,
			8;16;
			0.980413,0.017737,0.196149,0.000000,
			0.026880,0.974566,-0.222481,0.000000,
			-0.195107,0.223396,0.955001,0.000000,
			0.000000,10.997345,0.803058,1.000000;;,
			9;16;
			0.983056,0.002025,0.183297,0.000000,
			0.037943,0.976034,-0.214283,0.000000,
			-0.179338,0.217607,0.959419,0.000000,
			0.000000,10.997345,0.803058,1.000000;;,
			10;16;
			0.985014,-0.012273,0.172036,0.000000,
			0.048793,0.976548,-0.209700,0.000000,
			-0.165427,0.214951,0.962512,0.000000,
			0.000000,10.997345,0.803058,1.000000;;,
			11;16;
			0.985954,-0.009329,0.166756,0.000000,
			0.045938,0.975075,-0.217065,0.000000,
			-0.160575,0.221677,0.961808,0.000000,
			0.000000,10.997345,0.803058,1.000000;;,
			12;16;
			0.986465,0.013014,0.163456,0.000000,
			0.025783,0.972136,-0.232996,0.000000,
			-0.161934,0.234057,0.958642,0.000000,
			0.000000,10.997345,0.803058,1.000000;;,
			13;16;
			0.987380,0.026301,0.156168,0.000000,
			0.012271,0.970443,-0.241018,0.000000,
			-0.157891,0.239893,0.957873,0.000000,
			0.000000,10.997345,0.803058,1.000000;;,
			14;16;
			0.988320,0.034612,0.148411,0.000000,
			0.003042,0.969192,-0.246288,0.000000,
			-0.152363,0.243863,0.957766,0.000000,
			0.000000,10.997345,0.803058,1.000000;;,
			15;16;
			0.988897,0.050034,0.139924,0.000000,
			-0.011985,0.965398,-0.260505,0.000000,
			-0.148117,0.255936,0.955279,0.000000,
			0.000000,10.997345,0.803058,1.000000;;,
			16;16;
			0.989640,0.054514,0.132819,0.000000,
			-0.016862,0.962839,-0.269547,0.000000,
			-0.142577,0.264515,0.953784,0.000000,
			0.000000,10.997345,0.803058,1.000000;;,
			17;16;
			0.989230,0.054456,0.135865,0.000000,
			-0.015419,0.961821,-0.273244,0.000000,
			-0.145557,0.268206,0.952302,0.000000,
			0.000000,10.997345,0.803058,1.000000;;,
			18;16;
			0.987432,0.058694,0.146744,0.000000,
			-0.014884,0.958893,-0.283378,0.000000,
			-0.157344,0.277632,0.947715,0.000000,
			0.000000,10.997345,0.803058,1.000000;;,
			19;16;
			0.985605,0.062870,0.156938,0.000000,
			-0.013861,0.955208,-0.295610,0.000000,
			-0.168493,0.289180,0.942330,0.000000,
			0.000000,10.997345,0.803058,1.000000;;,
			20;16;
			0.984605,0.064681,0.162388,0.000000,
			-0.013085,0.953683,-0.300527,0.000000,
			-0.174305,0.293776,0.939847,0.000000,
			0.000000,10.997345,0.803058,1.000000;;,
			21;16;
			0.984063,0.066354,0.164978,0.000000,
			-0.013762,0.953409,-0.301367,0.000000,
			-0.177289,0.294294,0.939127,0.000000,
			0.000000,10.997345,0.803058,1.000000;;,
			22;16;
			0.983558,0.069029,0.166881,0.000000,
			-0.015694,0.953241,-0.301803,0.000000,
			-0.179912,0.294222,0.938651,0.000000,
			0.000000,10.997345,0.803058,1.000000;;,
			23;16;
			0.982806,0.074232,0.169063,0.000000,
			-0.020098,0.953192,-0.301696,0.000000,
			-0.183545,0.293110,0.938295,0.000000,
			0.000000,10.997345,0.803058,1.000000;;,
			24;16;
			0.981733,0.080558,0.172370,0.000000,
			-0.025722,0.953820,-0.299274,0.000000,
			-0.188518,0.289373,0.938469,0.000000,
			0.000000,10.997345,0.803058,1.000000;;,
			25;16;
			0.980626,0.084315,0.176813,0.000000,
			-0.029343,0.955669,-0.292978,0.000000,
			-0.193677,0.282113,0.939628,0.000000,
			0.000000,10.997345,0.803058,1.000000;;,
			26;16;
			0.979315,0.086299,0.183017,0.000000,
			-0.031293,0.958201,-0.284378,0.000000,
			-0.199909,0.272768,0.941081,0.000000,
			0.000000,10.997345,0.803058,1.000000;;,
			27;16;
			0.977725,0.088944,0.190114,0.000000,
			-0.034317,0.961326,-0.273267,0.000000,
			-0.207067,0.260656,0.942964,0.000000,
			0.000000,10.997345,0.803058,1.000000;;,
			28;16;
			0.976289,0.092071,0.195915,0.000000,
			-0.038682,0.964674,-0.260592,0.000000,
			-0.212987,0.246835,0.945362,0.000000,
			0.000000,10.997345,0.803058,1.000000;;,
			29;16;
			0.974560,0.094968,0.203013,0.000000,
			-0.042274,0.967421,-0.249619,0.000000,
			-0.220104,0.234686,0.946824,0.000000,
			0.000000,10.997345,0.803058,1.000000;;,
			30;16;
			0.972236,0.095738,0.213522,0.000000,
			-0.041906,0.968958,-0.243646,0.000000,
			-0.230220,0.227933,0.946068,0.000000,
			0.000000,10.997345,0.803058,1.000000;;,
			31;16;
			0.969995,0.093846,0.224282,0.000000,
			-0.038133,0.969807,-0.240872,0.000000,
			-0.240116,0.225092,0.944287,0.000000,
			0.000000,10.997345,0.803058,1.000000;;,
			32;16;
			0.968413,0.087336,0.233556,0.000000,
			-0.031086,0.971634,-0.234435,0.000000,
			-0.247406,0.219770,0.943659,0.000000,
			0.000000,10.997345,0.803058,1.000000;;,
			33;16;
			0.967975,0.076446,0.239123,0.000000,
			-0.021450,0.974211,-0.224617,0.000000,
			-0.250127,0.212295,0.944652,0.000000,
			0.000000,10.997345,0.803058,1.000000;;,
			34;16;
			0.969417,0.061290,0.237643,0.000000,
			-0.006541,0.974422,-0.224629,0.000000,
			-0.245332,0.216205,0.945023,0.000000,
